# Luminosity function combined from 
# 1) Mario's LF for MS for 4.9 < Mr < 12 
# 2) extrapolation to -1 < Mr < 4.9 using 
#      logLF = C + 0.33*Mr 
#    and joined to Marios's LF at Mr=4.9
# 3) LF for MLTY dwarfs from Covey et al. 
#    for 15 < Mr < 28 
#    and spline interpolation of 
#    logLF vs. Mr for 12 < Mr < 15
# integral: 0.061 stars/pc^3 (-1<Mr<28)
# of those, 50% have 4.9 < Mr < 12 
# 5% have Mr < 4.9, and 21% have Mr>15  
#                         (ZI, Oct 2009)
#  
#   Mr        LF 
#  (AB) (stars/pc^3/mag)
  -1.00   3.452e-05 
  -0.99   3.478e-05 
  -0.98   3.505e-05 
  -0.97   3.531e-05 
  -0.96   3.558e-05 
  -0.95   3.586e-05 
  -0.94   3.613e-05 
  -0.93   3.640e-05 
  -0.92   3.668e-05 
  -0.91   3.696e-05 
  -0.90   3.724e-05 
  -0.89   3.753e-05 
  -0.88   3.781e-05 
  -0.87   3.810e-05 
  -0.86   3.839e-05 
  -0.85   3.869e-05 
  -0.84   3.898e-05 
  -0.83   3.928e-05 
  -0.82   3.958e-05 
  -0.81   3.988e-05 
  -0.80   4.018e-05 
  -0.79   4.049e-05 
  -0.78   4.080e-05 
  -0.77   4.111e-05 
  -0.76   4.142e-05 
  -0.75   4.174e-05 
  -0.74   4.206e-05 
  -0.73   4.238e-05 
  -0.72   4.270e-05 
  -0.71   4.303e-05 
  -0.70   4.336e-05 
  -0.69   4.369e-05 
  -0.68   4.402e-05 
  -0.67   4.436e-05 
  -0.66   4.469e-05 
  -0.65   4.504e-05 
  -0.64   4.538e-05 
  -0.63   4.573e-05 
  -0.62   4.607e-05 
  -0.61   4.643e-05 
  -0.60   4.678e-05 
  -0.59   4.714e-05 
  -0.58   4.750e-05 
  -0.57   4.786e-05 
  -0.56   4.822e-05 
  -0.55   4.859e-05 
  -0.54   4.896e-05 
  -0.53   4.934e-05 
  -0.52   4.971e-05 
  -0.51   5.009e-05 
  -0.50   5.047e-05 
  -0.49   5.086e-05 
  -0.48   5.125e-05 
  -0.47   5.164e-05 
  -0.46   5.203e-05 
  -0.45   5.243e-05 
  -0.44   5.283e-05 
  -0.43   5.323e-05 
  -0.42   5.364e-05 
  -0.41   5.405e-05 
  -0.40   5.446e-05 
  -0.39   5.487e-05 
  -0.38   5.529e-05 
  -0.37   5.571e-05 
  -0.36   5.614e-05 
  -0.35   5.657e-05 
  -0.34   5.700e-05 
  -0.33   5.743e-05 
  -0.32   5.787e-05 
  -0.31   5.831e-05 
  -0.30   5.876e-05 
  -0.29   5.920e-05 
  -0.28   5.966e-05 
  -0.27   6.011e-05 
  -0.26   6.057e-05 
  -0.25   6.103e-05 
  -0.24   6.150e-05 
  -0.23   6.197e-05 
  -0.22   6.244e-05 
  -0.21   6.292e-05 
  -0.20   6.340e-05 
  -0.19   6.388e-05 
  -0.18   6.437e-05 
  -0.17   6.486e-05 
  -0.16   6.535e-05 
  -0.15   6.585e-05 
  -0.14   6.635e-05 
  -0.13   6.686e-05 
  -0.12   6.737e-05 
  -0.11   6.788e-05 
  -0.10   6.840e-05 
  -0.09   6.892e-05 
  -0.08   6.945e-05 
  -0.07   6.998e-05 
  -0.06   7.051e-05 
  -0.05   7.105e-05 
  -0.04   7.159e-05 
  -0.03   7.214e-05 
  -0.02   7.269e-05 
  -0.01   7.324e-05 
   0.00   7.380e-05 
   0.01   7.436e-05 
   0.02   7.493e-05 
   0.03   7.550e-05 
   0.04   7.608e-05 
   0.05   7.666e-05 
   0.06   7.724e-05 
   0.07   7.783e-05 
   0.08   7.843e-05 
   0.09   7.902e-05 
   0.10   7.963e-05 
   0.11   8.023e-05 
   0.12   8.085e-05 
   0.13   8.146e-05 
   0.14   8.208e-05 
   0.15   8.271e-05 
   0.16   8.334e-05 
   0.17   8.398e-05 
   0.18   8.462e-05 
   0.19   8.526e-05 
   0.20   8.591e-05 
   0.21   8.657e-05 
   0.22   8.723e-05 
   0.23   8.789e-05 
   0.24   8.856e-05 
   0.25   8.924e-05 
   0.26   8.992e-05 
   0.27   9.061e-05 
   0.28   9.130e-05 
   0.29   9.199e-05 
   0.30   9.270e-05 
   0.31   9.340e-05 
   0.32   9.411e-05 
   0.33   9.483e-05 
   0.34   9.556e-05 
   0.35   9.628e-05 
   0.36   9.702e-05 
   0.37   9.776e-05 
   0.38   9.850e-05 
   0.39   9.926e-05 
   0.40   1.000e-04 
   0.41   1.008e-04 
   0.42   1.015e-04 
   0.43   1.023e-04 
   0.44   1.031e-04 
   0.45   1.039e-04 
   0.46   1.047e-04 
   0.47   1.055e-04 
   0.48   1.063e-04 
   0.49   1.071e-04 
   0.50   1.079e-04 
   0.51   1.087e-04 
   0.52   1.096e-04 
   0.53   1.104e-04 
   0.54   1.112e-04 
   0.55   1.121e-04 
   0.56   1.129e-04 
   0.57   1.138e-04 
   0.58   1.147e-04 
   0.59   1.155e-04 
   0.60   1.164e-04 
   0.61   1.173e-04 
   0.62   1.182e-04 
   0.63   1.191e-04 
   0.64   1.200e-04 
   0.65   1.209e-04 
   0.66   1.219e-04 
   0.67   1.228e-04 
   0.68   1.237e-04 
   0.69   1.247e-04 
   0.70   1.256e-04 
   0.71   1.266e-04 
   0.72   1.275e-04 
   0.73   1.285e-04 
   0.74   1.295e-04 
   0.75   1.305e-04 
   0.76   1.315e-04 
   0.77   1.325e-04 
   0.78   1.335e-04 
   0.79   1.345e-04 
   0.80   1.355e-04 
   0.81   1.366e-04 
   0.82   1.376e-04 
   0.83   1.387e-04 
   0.84   1.397e-04 
   0.85   1.408e-04 
   0.86   1.419e-04 
   0.87   1.429e-04 
   0.88   1.440e-04 
   0.89   1.451e-04 
   0.90   1.462e-04 
   0.91   1.474e-04 
   0.92   1.485e-04 
   0.93   1.496e-04 
   0.94   1.507e-04 
   0.95   1.519e-04 
   0.96   1.531e-04 
   0.97   1.542e-04 
   0.98   1.554e-04 
   0.99   1.566e-04 
   1.00   1.578e-04 
   1.01   1.590e-04 
   1.02   1.602e-04 
   1.03   1.614e-04 
   1.04   1.627e-04 
   1.05   1.639e-04 
   1.06   1.651e-04 
   1.07   1.664e-04 
   1.08   1.677e-04 
   1.09   1.689e-04 
   1.10   1.702e-04 
   1.11   1.715e-04 
   1.12   1.728e-04 
   1.13   1.742e-04 
   1.14   1.755e-04 
   1.15   1.768e-04 
   1.16   1.782e-04 
   1.17   1.795e-04 
   1.18   1.809e-04 
   1.19   1.823e-04 
   1.20   1.837e-04 
   1.21   1.851e-04 
   1.22   1.865e-04 
   1.23   1.879e-04 
   1.24   1.893e-04 
   1.25   1.908e-04 
   1.26   1.922e-04 
   1.27   1.937e-04 
   1.28   1.952e-04 
   1.29   1.967e-04 
   1.30   1.982e-04 
   1.31   1.997e-04 
   1.32   2.012e-04 
   1.33   2.027e-04 
   1.34   2.043e-04 
   1.35   2.059e-04 
   1.36   2.074e-04 
   1.37   2.090e-04 
   1.38   2.106e-04 
   1.39   2.122e-04 
   1.40   2.138e-04 
   1.41   2.155e-04 
   1.42   2.171e-04 
   1.43   2.188e-04 
   1.44   2.204e-04 
   1.45   2.221e-04 
   1.46   2.238e-04 
   1.47   2.255e-04 
   1.48   2.272e-04 
   1.49   2.290e-04 
   1.50   2.307e-04 
   1.51   2.325e-04 
   1.52   2.342e-04 
   1.53   2.360e-04 
   1.54   2.378e-04 
   1.55   2.396e-04 
   1.56   2.415e-04 
   1.57   2.433e-04 
   1.58   2.452e-04 
   1.59   2.470e-04 
   1.60   2.489e-04 
   1.61   2.508e-04 
   1.62   2.527e-04 
   1.63   2.547e-04 
   1.64   2.566e-04 
   1.65   2.586e-04 
   1.66   2.605e-04 
   1.67   2.625e-04 
   1.68   2.645e-04 
   1.69   2.665e-04 
   1.70   2.686e-04 
   1.71   2.706e-04 
   1.72   2.727e-04 
   1.73   2.748e-04 
   1.74   2.769e-04 
   1.75   2.790e-04 
   1.76   2.811e-04 
   1.77   2.832e-04 
   1.78   2.854e-04 
   1.79   2.876e-04 
   1.80   2.898e-04 
   1.81   2.920e-04 
   1.82   2.942e-04 
   1.83   2.965e-04 
   1.84   2.987e-04 
   1.85   3.010e-04 
   1.86   3.033e-04 
   1.87   3.056e-04 
   1.88   3.079e-04 
   1.89   3.103e-04 
   1.90   3.126e-04 
   1.91   3.150e-04 
   1.92   3.174e-04 
   1.93   3.199e-04 
   1.94   3.223e-04 
   1.95   3.248e-04 
   1.96   3.272e-04 
   1.97   3.297e-04 
   1.98   3.322e-04 
   1.99   3.348e-04 
   2.00   3.373e-04 
   2.01   3.399e-04 
   2.02   3.425e-04 
   2.03   3.451e-04 
   2.04   3.477e-04 
   2.05   3.504e-04 
   2.06   3.531e-04 
   2.07   3.558e-04 
   2.08   3.585e-04 
   2.09   3.612e-04 
   2.10   3.640e-04 
   2.11   3.667e-04 
   2.12   3.695e-04 
   2.13   3.724e-04 
   2.14   3.752e-04 
   2.15   3.781e-04 
   2.16   3.809e-04 
   2.17   3.838e-04 
   2.18   3.868e-04 
   2.19   3.897e-04 
   2.20   3.927e-04 
   2.21   3.957e-04 
   2.22   3.987e-04 
   2.23   4.018e-04 
   2.24   4.048e-04 
   2.25   4.079e-04 
   2.26   4.110e-04 
   2.27   4.141e-04 
   2.28   4.173e-04 
   2.29   4.205e-04 
   2.30   4.237e-04 
   2.31   4.269e-04 
   2.32   4.302e-04 
   2.33   4.335e-04 
   2.34   4.368e-04 
   2.35   4.401e-04 
   2.36   4.435e-04 
   2.37   4.468e-04 
   2.38   4.503e-04 
   2.39   4.537e-04 
   2.40   4.571e-04 
   2.41   4.606e-04 
   2.42   4.641e-04 
   2.43   4.677e-04 
   2.44   4.713e-04 
   2.45   4.749e-04 
   2.46   4.785e-04 
   2.47   4.821e-04 
   2.48   4.858e-04 
   2.49   4.895e-04 
   2.50   4.932e-04 
   2.51   4.970e-04 
   2.52   5.008e-04 
   2.53   5.046e-04 
   2.54   5.085e-04 
   2.55   5.123e-04 
   2.56   5.162e-04 
   2.57   5.202e-04 
   2.58   5.242e-04 
   2.59   5.282e-04 
   2.60   5.322e-04 
   2.61   5.362e-04 
   2.62   5.403e-04 
   2.63   5.444e-04 
   2.64   5.486e-04 
   2.65   5.528e-04 
   2.66   5.570e-04 
   2.67   5.613e-04 
   2.68   5.655e-04 
   2.69   5.698e-04 
   2.70   5.742e-04 
   2.71   5.786e-04 
   2.72   5.830e-04 
   2.73   5.874e-04 
   2.74   5.919e-04 
   2.75   5.964e-04 
   2.76   6.010e-04 
   2.77   6.056e-04 
   2.78   6.102e-04 
   2.79   6.148e-04 
   2.80   6.195e-04 
   2.81   6.242e-04 
   2.82   6.290e-04 
   2.83   6.338e-04 
   2.84   6.386e-04 
   2.85   6.435e-04 
   2.86   6.484e-04 
   2.87   6.534e-04 
   2.88   6.584e-04 
   2.89   6.634e-04 
   2.90   6.684e-04 
   2.91   6.735e-04 
   2.92   6.787e-04 
   2.93   6.838e-04 
   2.94   6.891e-04 
   2.95   6.943e-04 
   2.96   6.996e-04 
   2.97   7.049e-04 
   2.98   7.103e-04 
   2.99   7.157e-04 
   3.00   7.212e-04 
   3.01   7.267e-04 
   3.02   7.322e-04 
   3.03   7.378e-04 
   3.04   7.435e-04 
   3.05   7.491e-04 
   3.06   7.548e-04 
   3.07   7.606e-04 
   3.08   7.664e-04 
   3.09   7.722e-04 
   3.10   7.781e-04 
   3.11   7.841e-04 
   3.12   7.901e-04 
   3.13   7.961e-04 
   3.14   8.022e-04 
   3.15   8.083e-04 
   3.16   8.144e-04 
   3.17   8.206e-04 
   3.18   8.269e-04 
   3.19   8.332e-04 
   3.20   8.396e-04 
   3.21   8.460e-04 
   3.22   8.524e-04 
   3.23   8.589e-04 
   3.24   8.655e-04 
   3.25   8.721e-04 
   3.26   8.787e-04 
   3.27   8.854e-04 
   3.28   8.922e-04 
   3.29   8.990e-04 
   3.30   9.059e-04 
   3.31   9.128e-04 
   3.32   9.197e-04 
   3.33   9.267e-04 
   3.34   9.338e-04 
   3.35   9.409e-04 
   3.36   9.481e-04 
   3.37   9.553e-04 
   3.38   9.626e-04 
   3.39   9.700e-04 
   3.40   9.774e-04 
   3.41   9.848e-04 
   3.42   9.923e-04 
   3.43   9.999e-04 
   3.44   1.008e-03 
   3.45   1.015e-03 
   3.46   1.023e-03 
   3.47   1.031e-03 
   3.48   1.039e-03 
   3.49   1.047e-03 
   3.50   1.055e-03 
   3.51   1.063e-03 
   3.52   1.071e-03 
   3.53   1.079e-03 
   3.54   1.087e-03 
   3.55   1.095e-03 
   3.56   1.104e-03 
   3.57   1.112e-03 
   3.58   1.121e-03 
   3.59   1.129e-03 
   3.60   1.138e-03 
   3.61   1.146e-03 
   3.62   1.155e-03 
   3.63   1.164e-03 
   3.64   1.173e-03 
   3.65   1.182e-03 
   3.66   1.191e-03 
   3.67   1.200e-03 
   3.68   1.209e-03 
   3.69   1.218e-03 
   3.70   1.228e-03 
   3.71   1.237e-03 
   3.72   1.246e-03 
   3.73   1.256e-03 
   3.74   1.265e-03 
   3.75   1.275e-03 
   3.76   1.285e-03 
   3.77   1.295e-03 
   3.78   1.305e-03 
   3.79   1.314e-03 
   3.80   1.325e-03 
   3.81   1.335e-03 
   3.82   1.345e-03 
   3.83   1.355e-03 
   3.84   1.365e-03 
   3.85   1.376e-03 
   3.86   1.386e-03 
   3.87   1.397e-03 
   3.88   1.408e-03 
   3.89   1.418e-03 
   3.90   1.429e-03 
   3.91   1.440e-03 
   3.92   1.451e-03 
   3.93   1.462e-03 
   3.94   1.473e-03 
   3.95   1.484e-03 
   3.96   1.496e-03 
   3.97   1.507e-03 
   3.98   1.519e-03 
   3.99   1.530e-03 
   4.00   1.542e-03 
   4.01   1.554e-03 
   4.02   1.566e-03 
   4.03   1.577e-03 
   4.04   1.589e-03 
   4.05   1.602e-03 
   4.06   1.614e-03 
   4.07   1.626e-03 
   4.08   1.639e-03 
   4.09   1.651e-03 
   4.10   1.664e-03 
   4.11   1.676e-03 
   4.12   1.689e-03 
   4.13   1.702e-03 
   4.14   1.715e-03 
   4.15   1.728e-03 
   4.16   1.741e-03 
   4.17   1.755e-03 
   4.18   1.768e-03 
   4.19   1.781e-03 
   4.20   1.795e-03 
   4.21   1.809e-03 
   4.22   1.822e-03 
   4.23   1.836e-03 
   4.24   1.850e-03 
   4.25   1.864e-03 
   4.26   1.879e-03 
   4.27   1.893e-03 
   4.28   1.907e-03 
   4.29   1.922e-03 
   4.30   1.937e-03 
   4.31   1.951e-03 
   4.32   1.966e-03 
   4.33   1.981e-03 
   4.34   1.996e-03 
   4.35   2.012e-03 
   4.36   2.027e-03 
   4.37   2.042e-03 
   4.38   2.058e-03 
   4.39   2.074e-03 
   4.40   2.090e-03 
   4.41   2.106e-03 
   4.42   2.122e-03 
   4.43   2.138e-03 
   4.44   2.154e-03 
   4.45   2.171e-03 
   4.46   2.187e-03 
   4.47   2.204e-03 
   4.48   2.221e-03 
   4.49   2.238e-03 
   4.50   2.255e-03 
   4.51   2.272e-03 
   4.52   2.289e-03 
   4.53   2.306e-03 
   4.54   2.324e-03 
   4.55   2.342e-03 
   4.56   2.359e-03 
   4.57   2.377e-03 
   4.58   2.396e-03 
   4.59   2.414e-03 
   4.60   2.433e-03 
   4.61   2.451e-03 
   4.62   2.470e-03 
   4.63   2.489e-03 
   4.64   2.508e-03 
   4.65   2.528e-03 
   4.66   2.547e-03 
   4.67   2.567e-03 
   4.68   2.586e-03 
   4.69   2.605e-03 
   4.70   2.625e-03 
   4.71   2.644e-03 
   4.72   2.663e-03 
   4.73   2.682e-03 
   4.74   2.702e-03 
   4.75   2.722e-03 
   4.76   2.742e-03 
   4.77   2.764e-03 
   4.78   2.785e-03 
   4.79   2.808e-03 
   4.80   2.832e-03 
   4.81   2.857e-03 
   4.82   2.882e-03 
   4.83   2.908e-03 
   4.84   2.934e-03 
   4.85   2.958e-03 
   4.86   2.982e-03 
   4.87   3.004e-03 
   4.88   3.024e-03 
   4.89   3.041e-03 
   4.90   3.055e-03 
   4.91   3.073e-03 
   4.92   3.126e-03 
   4.93   3.217e-03 
   4.94   3.314e-03 
   4.95   3.389e-03 
   4.96   3.446e-03 
   4.97   3.494e-03 
   4.98   3.536e-03 
   4.99   3.570e-03 
   5.00   3.596e-03 
   5.01   3.615e-03 
   5.02   3.625e-03 
   5.03   3.629e-03 
   5.04   3.626e-03 
   5.05   3.615e-03 
   5.06   3.600e-03 
   5.07   3.581e-03 
   5.08   3.559e-03 
   5.09   3.533e-03 
   5.10   3.501e-03 
   5.11   3.465e-03 
   5.12   3.430e-03 
   5.13   3.402e-03 
   5.14   3.377e-03 
   5.15   3.352e-03 
   5.16   3.321e-03 
   5.17   3.285e-03 
   5.18   3.249e-03 
   5.19   3.214e-03 
   5.20   3.181e-03 
   5.21   3.149e-03 
   5.22   3.118e-03 
   5.23   3.088e-03 
   5.24   3.060e-03 
   5.25   3.032e-03 
   5.26   3.006e-03 
   5.27   2.979e-03 
   5.28   2.952e-03 
   5.29   2.926e-03 
   5.30   2.901e-03 
   5.31   2.877e-03 
   5.32   2.854e-03 
   5.33   2.832e-03 
   5.34   2.811e-03 
   5.35   2.789e-03 
   5.36   2.769e-03 
   5.37   2.748e-03 
   5.38   2.729e-03 
   5.39   2.709e-03 
   5.40   2.691e-03 
   5.41   2.673e-03 
   5.42   2.655e-03 
   5.43   2.638e-03 
   5.44   2.622e-03 
   5.45   2.606e-03 
   5.46   2.590e-03 
   5.47   2.575e-03 
   5.48   2.561e-03 
   5.49   2.546e-03 
   5.50   2.533e-03 
   5.51   2.519e-03 
   5.52   2.506e-03 
   5.53   2.493e-03 
   5.54   2.480e-03 
   5.55   2.468e-03 
   5.56   2.456e-03 
   5.57   2.445e-03 
   5.58   2.434e-03 
   5.59   2.424e-03 
   5.60   2.414e-03 
   5.61   2.404e-03 
   5.62   2.394e-03 
   5.63   2.384e-03 
   5.64   2.375e-03 
   5.65   2.367e-03 
   5.66   2.359e-03 
   5.67   2.350e-03 
   5.68   2.342e-03 
   5.69   2.335e-03 
   5.70   2.327e-03 
   5.71   2.320e-03 
   5.72   2.313e-03 
   5.73   2.307e-03 
   5.74   2.300e-03 
   5.75   2.294e-03 
   5.76   2.288e-03 
   5.77   2.282e-03 
   5.78   2.277e-03 
   5.79   2.272e-03 
   5.80   2.267e-03 
   5.81   2.263e-03 
   5.82   2.259e-03 
   5.83   2.254e-03 
   5.84   2.250e-03 
   5.85   2.246e-03 
   5.86   2.243e-03 
   5.87   2.239e-03 
   5.88   2.236e-03 
   5.89   2.233e-03 
   5.90   2.230e-03 
   5.91   2.228e-03 
   5.92   2.226e-03 
   5.93   2.224e-03 
   5.94   2.222e-03 
   5.95   2.220e-03 
   5.96   2.218e-03 
   5.97   2.217e-03 
   5.98   2.216e-03 
   5.99   2.215e-03 
   6.00   2.215e-03 
   6.01   2.214e-03 
   6.02   2.213e-03 
   6.03   2.213e-03 
   6.04   2.213e-03 
   6.05   2.213e-03 
   6.06   2.214e-03 
   6.07   2.214e-03 
   6.08   2.215e-03 
   6.09   2.215e-03 
   6.10   2.217e-03 
   6.11   2.218e-03 
   6.12   2.219e-03 
   6.13   2.220e-03 
   6.14   2.222e-03 
   6.15   2.223e-03 
   6.16   2.225e-03 
   6.17   2.228e-03 
   6.18   2.230e-03 
   6.19   2.232e-03 
   6.20   2.235e-03 
   6.21   2.237e-03 
   6.22   2.240e-03 
   6.23   2.243e-03 
   6.24   2.246e-03 
   6.25   2.249e-03 
   6.26   2.252e-03 
   6.27   2.255e-03 
   6.28   2.258e-03 
   6.29   2.262e-03 
   6.30   2.265e-03 
   6.31   2.269e-03 
   6.32   2.272e-03 
   6.33   2.276e-03 
   6.34   2.279e-03 
   6.35   2.283e-03 
   6.36   2.287e-03 
   6.37   2.291e-03 
   6.38   2.294e-03 
   6.39   2.297e-03 
   6.40   2.301e-03 
   6.41   2.304e-03 
   6.42   2.308e-03 
   6.43   2.312e-03 
   6.44   2.315e-03 
   6.45   2.319e-03 
   6.46   2.322e-03 
   6.47   2.324e-03 
   6.48   2.327e-03 
   6.49   2.330e-03 
   6.50   2.332e-03 
   6.51   2.334e-03 
   6.52   2.336e-03 
   6.53   2.339e-03 
   6.54   2.341e-03 
   6.55   2.342e-03 
   6.56   2.343e-03 
   6.57   2.344e-03 
   6.58   2.345e-03 
   6.59   2.345e-03 
   6.60   2.345e-03 
   6.61   2.344e-03 
   6.62   2.343e-03 
   6.63   2.343e-03 
   6.64   2.341e-03 
   6.65   2.340e-03 
   6.66   2.338e-03 
   6.67   2.336e-03 
   6.68   2.333e-03 
   6.69   2.331e-03 
   6.70   2.327e-03 
   6.71   2.323e-03 
   6.72   2.319e-03 
   6.73   2.315e-03 
   6.74   2.310e-03 
   6.75   2.306e-03 
   6.76   2.301e-03 
   6.77   2.296e-03 
   6.78   2.290e-03 
   6.79   2.283e-03 
   6.80   2.277e-03 
   6.81   2.271e-03 
   6.82   2.265e-03 
   6.83   2.258e-03 
   6.84   2.251e-03 
   6.85   2.243e-03 
   6.86   2.236e-03 
   6.87   2.230e-03 
   6.88   2.222e-03 
   6.89   2.214e-03 
   6.90   2.206e-03 
   6.91   2.199e-03 
   6.92   2.192e-03 
   6.93   2.184e-03 
   6.94   2.175e-03 
   6.95   2.168e-03 
   6.96   2.160e-03 
   6.97   2.153e-03 
   6.98   2.145e-03 
   6.99   2.137e-03 
   7.00   2.130e-03 
   7.01   2.123e-03 
   7.02   2.115e-03 
   7.03   2.108e-03 
   7.04   2.101e-03 
   7.05   2.094e-03 
   7.06   2.087e-03 
   7.07   2.080e-03 
   7.08   2.074e-03 
   7.09   2.067e-03 
   7.10   2.061e-03 
   7.11   2.055e-03 
   7.12   2.050e-03 
   7.13   2.044e-03 
   7.14   2.038e-03 
   7.15   2.033e-03 
   7.16   2.027e-03 
   7.17   2.022e-03 
   7.18   2.018e-03 
   7.19   2.013e-03 
   7.20   2.009e-03 
   7.21   2.005e-03 
   7.22   2.001e-03 
   7.23   1.997e-03 
   7.24   1.993e-03 
   7.25   1.989e-03 
   7.26   1.987e-03 
   7.27   1.984e-03 
   7.28   1.981e-03 
   7.29   1.978e-03 
   7.30   1.976e-03 
   7.31   1.974e-03 
   7.32   1.971e-03 
   7.33   1.969e-03 
   7.34   1.967e-03 
   7.35   1.966e-03 
   7.36   1.965e-03 
   7.37   1.964e-03 
   7.38   1.963e-03 
   7.39   1.962e-03 
   7.40   1.962e-03 
   7.41   1.962e-03 
   7.42   1.962e-03 
   7.43   1.962e-03 
   7.44   1.962e-03 
   7.45   1.962e-03 
   7.46   1.963e-03 
   7.47   1.964e-03 
   7.48   1.965e-03 
   7.49   1.967e-03 
   7.50   1.968e-03 
   7.51   1.969e-03 
   7.52   1.971e-03 
   7.53   1.972e-03 
   7.54   1.975e-03 
   7.55   1.977e-03 
   7.56   1.980e-03 
   7.57   1.982e-03 
   7.58   1.985e-03 
   7.59   1.988e-03 
   7.60   1.992e-03 
   7.61   1.995e-03 
   7.62   1.998e-03 
   7.63   2.001e-03 
   7.64   2.005e-03 
   7.65   2.010e-03 
   7.66   2.014e-03 
   7.67   2.018e-03 
   7.68   2.022e-03 
   7.69   2.026e-03 
   7.70   2.031e-03 
   7.71   2.037e-03 
   7.72   2.042e-03 
   7.73   2.047e-03 
   7.74   2.052e-03 
   7.75   2.057e-03 
   7.76   2.063e-03 
   7.77   2.068e-03 
   7.78   2.075e-03 
   7.79   2.081e-03 
   7.80   2.088e-03 
   7.81   2.095e-03 
   7.82   2.101e-03 
   7.83   2.108e-03 
   7.84   2.115e-03 
   7.85   2.122e-03 
   7.86   2.129e-03 
   7.87   2.136e-03 
   7.88   2.144e-03 
   7.89   2.152e-03 
   7.90   2.160e-03 
   7.91   2.168e-03 
   7.92   2.176e-03 
   7.93   2.184e-03 
   7.94   2.192e-03 
   7.95   2.201e-03 
   7.96   2.210e-03 
   7.97   2.219e-03 
   7.98   2.228e-03 
   7.99   2.237e-03 
   8.00   2.246e-03 
   8.01   2.255e-03 
   8.02   2.265e-03 
   8.03   2.275e-03 
   8.04   2.285e-03 
   8.05   2.295e-03 
   8.06   2.306e-03 
   8.07   2.316e-03 
   8.08   2.326e-03 
   8.09   2.337e-03 
   8.10   2.347e-03 
   8.11   2.358e-03 
   8.12   2.369e-03 
   8.13   2.380e-03 
   8.14   2.392e-03 
   8.15   2.403e-03 
   8.16   2.415e-03 
   8.17   2.426e-03 
   8.18   2.438e-03 
   8.19   2.451e-03 
   8.20   2.463e-03 
   8.21   2.476e-03 
   8.22   2.488e-03 
   8.23   2.501e-03 
   8.24   2.514e-03 
   8.25   2.527e-03 
   8.26   2.541e-03 
   8.27   2.554e-03 
   8.28   2.566e-03 
   8.29   2.579e-03 
   8.30   2.593e-03 
   8.31   2.608e-03 
   8.32   2.623e-03 
   8.33   2.637e-03 
   8.34   2.651e-03 
   8.35   2.665e-03 
   8.36   2.680e-03 
   8.37   2.695e-03 
   8.38   2.710e-03 
   8.39   2.724e-03 
   8.40   2.739e-03 
   8.41   2.754e-03 
   8.42   2.770e-03 
   8.43   2.786e-03 
   8.44   2.802e-03 
   8.45   2.817e-03 
   8.46   2.833e-03 
   8.47   2.849e-03 
   8.48   2.865e-03 
   8.49   2.882e-03 
   8.50   2.899e-03 
   8.51   2.916e-03 
   8.52   2.933e-03 
   8.53   2.949e-03 
   8.54   2.966e-03 
   8.55   2.984e-03 
   8.56   3.001e-03 
   8.57   3.019e-03 
   8.58   3.037e-03 
   8.59   3.055e-03 
   8.60   3.073e-03 
   8.61   3.091e-03 
   8.62   3.109e-03 
   8.63   3.128e-03 
   8.64   3.147e-03 
   8.65   3.166e-03 
   8.66   3.185e-03 
   8.67   3.203e-03 
   8.68   3.222e-03 
   8.69   3.241e-03 
   8.70   3.261e-03 
   8.71   3.281e-03 
   8.72   3.301e-03 
   8.73   3.320e-03 
   8.74   3.340e-03 
   8.75   3.360e-03 
   8.76   3.380e-03 
   8.77   3.400e-03 
   8.78   3.420e-03 
   8.79   3.441e-03 
   8.80   3.462e-03 
   8.81   3.482e-03 
   8.82   3.503e-03 
   8.83   3.524e-03 
   8.84   3.546e-03 
   8.85   3.567e-03 
   8.86   3.589e-03 
   8.87   3.611e-03 
   8.88   3.633e-03 
   8.89   3.655e-03 
   8.90   3.676e-03 
   8.91   3.698e-03 
   8.92   3.720e-03 
   8.93   3.742e-03 
   8.94   3.765e-03 
   8.95   3.788e-03 
   8.96   3.811e-03 
   8.97   3.833e-03 
   8.98   3.856e-03 
   8.99   3.878e-03 
   9.00   3.901e-03 
   9.01   3.924e-03 
   9.02   3.947e-03 
   9.03   3.971e-03 
   9.04   3.994e-03 
   9.05   4.017e-03 
   9.06   4.041e-03 
   9.07   4.065e-03 
   9.08   4.089e-03 
   9.09   4.113e-03 
   9.10   4.138e-03 
   9.11   4.162e-03 
   9.12   4.187e-03 
   9.13   4.211e-03 
   9.14   4.234e-03 
   9.15   4.258e-03 
   9.16   4.283e-03 
   9.17   4.308e-03 
   9.18   4.333e-03 
   9.19   4.358e-03 
   9.20   4.383e-03 
   9.21   4.408e-03 
   9.22   4.432e-03 
   9.23   4.457e-03 
   9.24   4.482e-03 
   9.25   4.507e-03 
   9.26   4.532e-03 
   9.27   4.558e-03 
   9.28   4.583e-03 
   9.29   4.609e-03 
   9.30   4.635e-03 
   9.31   4.660e-03 
   9.32   4.686e-03 
   9.33   4.712e-03 
   9.34   4.738e-03 
   9.35   4.764e-03 
   9.36   4.790e-03 
   9.37   4.817e-03 
   9.38   4.843e-03 
   9.39   4.869e-03 
   9.40   4.895e-03 
   9.41   4.920e-03 
   9.42   4.946e-03 
   9.43   4.972e-03 
   9.44   4.998e-03 
   9.45   5.024e-03 
   9.46   5.050e-03 
   9.47   5.077e-03 
   9.48   5.104e-03 
   9.49   5.131e-03 
   9.50   5.158e-03 
   9.51   5.185e-03 
   9.52   5.211e-03 
   9.53   5.236e-03 
   9.54   5.262e-03 
   9.55   5.288e-03 
   9.56   5.314e-03 
   9.57   5.340e-03 
   9.58   5.367e-03 
   9.59   5.394e-03 
   9.60   5.421e-03 
   9.61   5.448e-03 
   9.62   5.475e-03 
   9.63   5.501e-03 
   9.64   5.528e-03 
   9.65   5.554e-03 
   9.66   5.580e-03 
   9.67   5.606e-03 
   9.68   5.632e-03 
   9.69   5.658e-03 
   9.70   5.684e-03 
   9.71   5.710e-03 
   9.72   5.737e-03 
   9.73   5.763e-03 
   9.74   5.789e-03 
   9.75   5.815e-03 
   9.76   5.842e-03 
   9.77   5.868e-03 
   9.78   5.895e-03 
   9.79   5.921e-03 
   9.80   5.947e-03 
   9.81   5.972e-03 
   9.82   5.997e-03 
   9.83   6.022e-03 
   9.84   6.048e-03 
   9.85   6.074e-03 
   9.86   6.100e-03 
   9.87   6.126e-03 
   9.88   6.152e-03 
   9.89   6.177e-03 
   9.90   6.202e-03 
   9.91   6.227e-03 
   9.92   6.252e-03 
   9.93   6.277e-03 
   9.94   6.302e-03 
   9.95   6.327e-03 
   9.96   6.351e-03 
   9.97   6.377e-03 
   9.98   6.402e-03 
   9.99   6.429e-03 
  10.00   6.455e-03 
  10.01   6.481e-03 
  10.02   6.505e-03 
  10.03   6.527e-03 
  10.04   6.549e-03 
  10.05   6.569e-03 
  10.06   6.589e-03 
  10.07   6.609e-03 
  10.08   6.631e-03 
  10.09   6.656e-03 
  10.10   6.684e-03 
  10.11   6.713e-03 
  10.12   6.741e-03 
  10.13   6.766e-03 
  10.14   6.788e-03 
  10.15   6.807e-03 
  10.16   6.826e-03 
  10.17   6.844e-03 
  10.18   6.863e-03 
  10.19   6.884e-03 
  10.20   6.908e-03 
  10.21   6.935e-03 
  10.22   6.963e-03 
  10.23   6.990e-03 
  10.24   7.013e-03 
  10.25   7.033e-03 
  10.26   7.051e-03 
  10.27   7.069e-03 
  10.28   7.087e-03 
  10.29   7.107e-03 
  10.30   7.126e-03 
  10.31   7.146e-03 
  10.32   7.166e-03 
  10.33   7.185e-03 
  10.34   7.204e-03 
  10.35   7.222e-03 
  10.36   7.239e-03 
  10.37   7.256e-03 
  10.38   7.274e-03 
  10.39   7.295e-03 
  10.40   7.318e-03 
  10.41   7.343e-03 
  10.42   7.366e-03 
  10.43   7.386e-03 
  10.44   7.403e-03 
  10.45   7.419e-03 
  10.46   7.434e-03 
  10.47   7.450e-03 
  10.48   7.467e-03 
  10.49   7.483e-03 
  10.50   7.500e-03 
  10.51   7.516e-03 
  10.52   7.532e-03 
  10.53   7.547e-03 
  10.54   7.562e-03 
  10.55   7.577e-03 
  10.56   7.592e-03 
  10.57   7.607e-03 
  10.58   7.622e-03 
  10.59   7.636e-03 
  10.60   7.651e-03 
  10.61   7.664e-03 
  10.62   7.678e-03 
  10.63   7.691e-03 
  10.64   7.705e-03 
  10.65   7.718e-03 
  10.66   7.731e-03 
  10.67   7.744e-03 
  10.68   7.757e-03 
  10.69   7.769e-03 
  10.70   7.781e-03 
  10.71   7.792e-03 
  10.72   7.803e-03 
  10.73   7.814e-03 
  10.74   7.826e-03 
  10.75   7.840e-03 
  10.76   7.854e-03 
  10.77   7.868e-03 
  10.78   7.879e-03 
  10.79   7.889e-03 
  10.80   7.898e-03 
  10.81   7.906e-03 
  10.82   7.914e-03 
  10.83   7.923e-03 
  10.84   7.931e-03 
  10.85   7.939e-03 
  10.86   7.947e-03 
  10.87   7.955e-03 
  10.88   7.962e-03 
  10.89   7.969e-03 
  10.90   7.975e-03 
  10.91   7.982e-03 
  10.92   7.987e-03 
  10.93   7.993e-03 
  10.94   7.998e-03 
  10.95   8.004e-03 
  10.96   8.009e-03 
  10.97   8.013e-03 
  10.98   8.017e-03 
  10.99   8.020e-03 
  11.00   8.023e-03 
  11.01   8.025e-03 
  11.02   8.028e-03 
  11.03   8.031e-03 
  11.04   8.033e-03 
  11.05   8.036e-03 
  11.06   8.038e-03 
  11.07   8.040e-03 
  11.08   8.041e-03 
  11.09   8.042e-03 
  11.10   8.043e-03 
  11.11   8.043e-03 
  11.12   8.043e-03 
  11.13   8.043e-03 
  11.14   8.042e-03 
  11.15   8.041e-03 
  11.16   8.040e-03 
  11.17   8.038e-03 
  11.18   8.036e-03 
  11.19   8.034e-03 
  11.20   8.031e-03 
  11.21   8.028e-03 
  11.22   8.025e-03 
  11.23   8.021e-03 
  11.24   8.017e-03 
  11.25   8.013e-03 
  11.26   8.008e-03 
  11.27   8.003e-03 
  11.28   7.997e-03 
  11.29   7.991e-03 
  11.30   7.985e-03 
  11.31   7.978e-03 
  11.32   7.971e-03 
  11.33   7.964e-03 
  11.34   7.956e-03 
  11.35   7.948e-03 
  11.36   7.939e-03 
  11.37   7.930e-03 
  11.38   7.921e-03 
  11.39   7.912e-03 
  11.40   7.902e-03 
  11.41   7.892e-03 
  11.42   7.881e-03 
  11.43   7.869e-03 
  11.44   7.857e-03 
  11.45   7.845e-03 
  11.46   7.834e-03 
  11.47   7.824e-03 
  11.48   7.814e-03 
  11.49   7.804e-03 
  11.50   7.793e-03 
  11.51   7.781e-03 
  11.52   7.767e-03 
  11.53   7.753e-03 
  11.54   7.737e-03 
  11.55   7.721e-03 
  11.56   7.705e-03 
  11.57   7.689e-03 
  11.58   7.673e-03 
  11.59   7.656e-03 
  11.60   7.639e-03 
  11.61   7.621e-03 
  11.62   7.603e-03 
  11.63   7.584e-03 
  11.64   7.565e-03 
  11.65   7.546e-03 
  11.66   7.527e-03 
  11.67   7.507e-03 
  11.68   7.487e-03 
  11.69   7.466e-03 
  11.70   7.445e-03 
  11.71   7.423e-03 
  11.72   7.400e-03 
  11.73   7.377e-03 
  11.74   7.354e-03 
  11.75   7.333e-03 
  11.76   7.314e-03 
  11.77   7.295e-03 
  11.78   7.277e-03 
  11.79   7.258e-03 
  11.80   7.237e-03 
  11.81   7.214e-03 
  11.82   7.188e-03 
  11.83   7.162e-03 
  11.84   7.135e-03 
  11.85   7.108e-03 
  11.86   7.081e-03 
  11.87   7.054e-03 
  11.88   7.027e-03 
  11.89   6.999e-03 
  11.90   6.971e-03 
  11.91   6.942e-03 
  11.92   6.913e-03 
  11.93   6.883e-03 
  11.94   6.854e-03 
  11.95   6.824e-03 
  11.96   6.794e-03 
  11.97   6.765e-03 
  11.98   6.736e-03 
  11.99   6.707e-03 
  12.00   6.679e-03 
  12.01   6.651e-03 
  12.02   6.623e-03 
  12.03   6.596e-03 
  12.04   6.569e-03 
  12.05   6.542e-03 
  12.06   6.516e-03 
  12.07   6.490e-03 
  12.08   6.465e-03 
  12.09   6.439e-03 
  12.10   6.414e-03 
  12.11   6.390e-03 
  12.12   6.365e-03 
  12.13   6.341e-03 
  12.14   6.317e-03 
  12.15   6.294e-03 
  12.16   6.270e-03 
  12.17   6.247e-03 
  12.18   6.225e-03 
  12.19   6.202e-03 
  12.20   6.180e-03 
  12.21   6.158e-03 
  12.22   6.136e-03 
  12.23   6.115e-03 
  12.24   6.094e-03 
  12.25   6.073e-03 
  12.26   6.052e-03 
  12.27   6.032e-03 
  12.28   6.011e-03 
  12.29   5.991e-03 
  12.30   5.972e-03 
  12.31   5.952e-03 
  12.32   5.933e-03 
  12.33   5.914e-03 
  12.34   5.895e-03 
  12.35   5.876e-03 
  12.36   5.858e-03 
  12.37   5.839e-03 
  12.38   5.821e-03 
  12.39   5.803e-03 
  12.40   5.786e-03 
  12.41   5.768e-03 
  12.42   5.751e-03 
  12.43   5.734e-03 
  12.44   5.717e-03 
  12.45   5.700e-03 
  12.46   5.684e-03 
  12.47   5.667e-03 
  12.48   5.651e-03 
  12.49   5.635e-03 
  12.50   5.619e-03 
  12.51   5.603e-03 
  12.52   5.588e-03 
  12.53   5.573e-03 
  12.54   5.557e-03 
  12.55   5.542e-03 
  12.56   5.527e-03 
  12.57   5.513e-03 
  12.58   5.498e-03 
  12.59   5.483e-03 
  12.60   5.469e-03 
  12.61   5.455e-03 
  12.62   5.441e-03 
  12.63   5.427e-03 
  12.64   5.413e-03 
  12.65   5.400e-03 
  12.66   5.386e-03 
  12.67   5.373e-03 
  12.68   5.359e-03 
  12.69   5.346e-03 
  12.70   5.333e-03 
  12.71   5.320e-03 
  12.72   5.308e-03 
  12.73   5.295e-03 
  12.74   5.282e-03 
  12.75   5.270e-03 
  12.76   5.258e-03 
  12.77   5.245e-03 
  12.78   5.233e-03 
  12.79   5.221e-03 
  12.80   5.209e-03 
  12.81   5.197e-03 
  12.82   5.186e-03 
  12.83   5.174e-03 
  12.84   5.163e-03 
  12.85   5.151e-03 
  12.86   5.140e-03 
  12.87   5.128e-03 
  12.88   5.117e-03 
  12.89   5.106e-03 
  12.90   5.095e-03 
  12.91   5.084e-03 
  12.92   5.073e-03 
  12.93   5.063e-03 
  12.94   5.052e-03 
  12.95   5.041e-03 
  12.96   5.031e-03 
  12.97   5.020e-03 
  12.98   5.010e-03 
  12.99   4.999e-03 
  13.00   4.989e-03 
  13.01   4.979e-03 
  13.02   4.969e-03 
  13.03   4.959e-03 
  13.04   4.949e-03 
  13.05   4.939e-03 
  13.06   4.929e-03 
  13.07   4.919e-03 
  13.08   4.909e-03 
  13.09   4.899e-03 
  13.10   4.889e-03 
  13.11   4.880e-03 
  13.12   4.870e-03 
  13.13   4.861e-03 
  13.14   4.851e-03 
  13.15   4.842e-03 
  13.16   4.832e-03 
  13.17   4.823e-03 
  13.18   4.813e-03 
  13.19   4.804e-03 
  13.20   4.795e-03 
  13.21   4.785e-03 
  13.22   4.776e-03 
  13.23   4.767e-03 
  13.24   4.758e-03 
  13.25   4.749e-03 
  13.26   4.740e-03 
  13.27   4.731e-03 
  13.28   4.722e-03 
  13.29   4.712e-03 
  13.30   4.703e-03 
  13.31   4.694e-03 
  13.32   4.686e-03 
  13.33   4.677e-03 
  13.34   4.668e-03 
  13.35   4.659e-03 
  13.36   4.650e-03 
  13.37   4.641e-03 
  13.38   4.632e-03 
  13.39   4.623e-03 
  13.40   4.614e-03 
  13.41   4.605e-03 
  13.42   4.597e-03 
  13.43   4.588e-03 
  13.44   4.579e-03 
  13.45   4.570e-03 
  13.46   4.561e-03 
  13.47   4.553e-03 
  13.48   4.544e-03 
  13.49   4.535e-03 
  13.50   4.526e-03 
  13.51   4.517e-03 
  13.52   4.508e-03 
  13.53   4.500e-03 
  13.54   4.491e-03 
  13.55   4.482e-03 
  13.56   4.473e-03 
  13.57   4.464e-03 
  13.58   4.455e-03 
  13.59   4.447e-03 
  13.60   4.438e-03 
  13.61   4.429e-03 
  13.62   4.420e-03 
  13.63   4.411e-03 
  13.64   4.402e-03 
  13.65   4.393e-03 
  13.66   4.384e-03 
  13.67   4.375e-03 
  13.68   4.366e-03 
  13.69   4.357e-03 
  13.70   4.348e-03 
  13.71   4.339e-03 
  13.72   4.330e-03 
  13.73   4.321e-03 
  13.74   4.312e-03 
  13.75   4.302e-03 
  13.76   4.293e-03 
  13.77   4.284e-03 
  13.78   4.275e-03 
  13.79   4.265e-03 
  13.80   4.256e-03 
  13.81   4.247e-03 
  13.82   4.237e-03 
  13.83   4.228e-03 
  13.84   4.219e-03 
  13.85   4.209e-03 
  13.86   4.200e-03 
  13.87   4.190e-03 
  13.88   4.180e-03 
  13.89   4.171e-03 
  13.90   4.161e-03 
  13.91   4.151e-03 
  13.92   4.142e-03 
  13.93   4.132e-03 
  13.94   4.122e-03 
  13.95   4.112e-03 
  13.96   4.102e-03 
  13.97   4.092e-03 
  13.98   4.082e-03 
  13.99   4.072e-03 
  14.00   4.062e-03 
  14.01   4.052e-03 
  14.02   4.042e-03 
  14.03   4.032e-03 
  14.04   4.022e-03 
  14.05   4.011e-03 
  14.06   4.001e-03 
  14.07   3.991e-03 
  14.08   3.980e-03 
  14.09   3.970e-03 
  14.10   3.959e-03 
  14.11   3.949e-03 
  14.12   3.938e-03 
  14.13   3.927e-03 
  14.14   3.916e-03 
  14.15   3.906e-03 
  14.16   3.895e-03 
  14.17   3.884e-03 
  14.18   3.873e-03 
  14.19   3.862e-03 
  14.20   3.851e-03 
  14.21   3.840e-03 
  14.22   3.829e-03 
  14.23   3.817e-03 
  14.24   3.806e-03 
  14.25   3.795e-03 
  14.26   3.783e-03 
  14.27   3.772e-03 
  14.28   3.760e-03 
  14.29   3.749e-03 
  14.30   3.737e-03 
  14.31   3.726e-03 
  14.32   3.714e-03 
  14.33   3.702e-03 
  14.34   3.690e-03 
  14.35   3.678e-03 
  14.36   3.666e-03 
  14.37   3.654e-03 
  14.38   3.642e-03 
  14.39   3.630e-03 
  14.40   3.618e-03 
  14.41   3.606e-03 
  14.42   3.593e-03 
  14.43   3.581e-03 
  14.44   3.569e-03 
  14.45   3.556e-03 
  14.46   3.543e-03 
  14.47   3.531e-03 
  14.48   3.518e-03 
  14.49   3.505e-03 
  14.50   3.493e-03 
  14.51   3.480e-03 
  14.52   3.467e-03 
  14.53   3.454e-03 
  14.54   3.441e-03 
  14.55   3.428e-03 
  14.56   3.415e-03 
  14.57   3.402e-03 
  14.58   3.388e-03 
  14.59   3.375e-03 
  14.60   3.362e-03 
  14.61   3.348e-03 
  14.62   3.335e-03 
  14.63   3.321e-03 
  14.64   3.308e-03 
  14.65   3.294e-03 
  14.66   3.280e-03 
  14.67   3.267e-03 
  14.68   3.253e-03 
  14.69   3.239e-03 
  14.70   3.225e-03 
  14.71   3.211e-03 
  14.72   3.197e-03 
  14.73   3.183e-03 
  14.74   3.169e-03 
  14.75   3.155e-03 
  14.76   3.141e-03 
  14.77   3.126e-03 
  14.78   3.112e-03 
  14.79   3.098e-03 
  14.80   3.083e-03 
  14.81   3.069e-03 
  14.82   3.054e-03 
  14.83   3.040e-03 
  14.84   3.025e-03 
  14.85   3.010e-03 
  14.86   2.996e-03 
  14.87   2.981e-03 
  14.88   2.966e-03 
  14.89   2.951e-03 
  14.90   2.936e-03 
  14.91   2.921e-03 
  14.92   2.907e-03 
  14.93   2.891e-03 
  14.94   2.876e-03 
  14.95   2.861e-03 
  14.96   2.846e-03 
  14.97   2.831e-03 
  14.98   2.816e-03 
  14.99   2.801e-03 
  15.00   2.785e-03 
  15.01   2.770e-03 
  15.02   2.755e-03 
  15.03   2.739e-03 
  15.04   2.724e-03 
  15.05   2.708e-03 
  15.06   2.693e-03 
  15.07   2.677e-03 
  15.08   2.662e-03 
  15.09   2.646e-03 
  15.10   2.631e-03 
  15.11   2.615e-03 
  15.12   2.599e-03 
  15.13   2.584e-03 
  15.14   2.568e-03 
  15.15   2.552e-03 
  15.16   2.536e-03 
  15.17   2.521e-03 
  15.18   2.505e-03 
  15.19   2.489e-03 
  15.20   2.473e-03 
  15.21   2.457e-03 
  15.22   2.442e-03 
  15.23   2.426e-03 
  15.24   2.410e-03 
  15.25   2.394e-03 
  15.26   2.378e-03 
  15.27   2.362e-03 
  15.28   2.346e-03 
  15.29   2.330e-03 
  15.30   2.314e-03 
  15.31   2.298e-03 
  15.32   2.282e-03 
  15.33   2.266e-03 
  15.34   2.250e-03 
  15.35   2.234e-03 
  15.36   2.218e-03 
  15.37   2.202e-03 
  15.38   2.186e-03 
  15.39   2.170e-03 
  15.40   2.154e-03 
  15.41   2.138e-03 
  15.42   2.122e-03 
  15.43   2.106e-03 
  15.44   2.090e-03 
  15.45   2.074e-03 
  15.46   2.058e-03 
  15.47   2.042e-03 
  15.48   2.027e-03 
  15.49   2.011e-03 
  15.50   1.995e-03 
  15.51   1.979e-03 
  15.52   1.963e-03 
  15.53   1.947e-03 
  15.54   1.931e-03 
  15.55   1.915e-03 
  15.56   1.900e-03 
  15.57   1.884e-03 
  15.58   1.868e-03 
  15.59   1.853e-03 
  15.60   1.837e-03 
  15.61   1.821e-03 
  15.62   1.806e-03 
  15.63   1.790e-03 
  15.64   1.775e-03 
  15.65   1.759e-03 
  15.66   1.744e-03 
  15.67   1.729e-03 
  15.68   1.714e-03 
  15.69   1.699e-03 
  15.70   1.684e-03 
  15.71   1.669e-03 
  15.72   1.654e-03 
  15.73   1.639e-03 
  15.74   1.624e-03 
  15.75   1.610e-03 
  15.76   1.596e-03 
  15.77   1.581e-03 
  15.78   1.567e-03 
  15.79   1.553e-03 
  15.80   1.539e-03 
  15.81   1.525e-03 
  15.82   1.511e-03 
  15.83   1.498e-03 
  15.84   1.484e-03 
  15.85   1.471e-03 
  15.86   1.457e-03 
  15.87   1.444e-03 
  15.88   1.431e-03 
  15.89   1.418e-03 
  15.90   1.406e-03 
  15.91   1.393e-03 
  15.92   1.381e-03 
  15.93   1.368e-03 
  15.94   1.356e-03 
  15.95   1.344e-03 
  15.96   1.332e-03 
  15.97   1.320e-03 
  15.98   1.309e-03 
  15.99   1.297e-03 
  16.00   1.286e-03 
  16.01   1.274e-03 
  16.02   1.263e-03 
  16.03   1.252e-03 
  16.04   1.242e-03 
  16.05   1.231e-03 
  16.06   1.220e-03 
  16.07   1.210e-03 
  16.08   1.200e-03 
  16.09   1.190e-03 
  16.10   1.180e-03 
  16.11   1.170e-03 
  16.12   1.160e-03 
  16.13   1.151e-03 
  16.14   1.141e-03 
  16.15   1.132e-03 
  16.16   1.123e-03 
  16.17   1.114e-03 
  16.18   1.105e-03 
  16.19   1.097e-03 
  16.20   1.088e-03 
  16.21   1.080e-03 
  16.22   1.072e-03 
  16.23   1.064e-03 
  16.24   1.056e-03 
  16.25   1.048e-03 
  16.26   1.040e-03 
  16.27   1.033e-03 
  16.28   1.026e-03 
  16.29   1.018e-03 
  16.30   1.011e-03 
  16.31   1.004e-03 
  16.32   9.977e-04 
  16.33   9.911e-04 
  16.34   9.846e-04 
  16.35   9.783e-04 
  16.36   9.721e-04 
  16.37   9.660e-04 
  16.38   9.601e-04 
  16.39   9.543e-04 
  16.40   9.487e-04 
  16.41   9.432e-04 
  16.42   9.378e-04 
  16.43   9.326e-04 
  16.44   9.275e-04 
  16.45   9.226e-04 
  16.46   9.178e-04 
  16.47   9.131e-04 
  16.48   9.086e-04 
  16.49   9.042e-04 
  16.50   9.000e-04 
  16.51   8.959e-04 
  16.52   8.919e-04 
  16.53   8.881e-04 
  16.54   8.844e-04 
  16.55   8.808e-04 
  16.56   8.774e-04 
  16.57   8.742e-04 
  16.58   8.710e-04 
  16.59   8.681e-04 
  16.60   8.652e-04 
  16.61   8.625e-04 
  16.62   8.599e-04 
  16.63   8.575e-04 
  16.64   8.553e-04 
  16.65   8.531e-04 
  16.66   8.511e-04 
  16.67   8.493e-04 
  16.68   8.476e-04 
  16.69   8.461e-04 
  16.70   8.447e-04 
  16.71   8.434e-04 
  16.72   8.423e-04 
  16.73   8.413e-04 
  16.74   8.404e-04 
  16.75   8.397e-04 
  16.76   8.391e-04 
  16.77   8.386e-04 
  16.78   8.383e-04 
  16.79   8.380e-04 
  16.80   8.379e-04 
  16.81   8.378e-04 
  16.82   8.379e-04 
  16.83   8.380e-04 
  16.84   8.383e-04 
  16.85   8.387e-04 
  16.86   8.391e-04 
  16.87   8.396e-04 
  16.88   8.402e-04 
  16.89   8.409e-04 
  16.90   8.417e-04 
  16.91   8.425e-04 
  16.92   8.434e-04 
  16.93   8.444e-04 
  16.94   8.454e-04 
  16.95   8.465e-04 
  16.96   8.476e-04 
  16.97   8.488e-04 
  16.98   8.501e-04 
  16.99   8.514e-04 
  17.00   8.527e-04 
  17.01   8.541e-04 
  17.02   8.555e-04 
  17.03   8.569e-04 
  17.04   8.584e-04 
  17.05   8.599e-04 
  17.06   8.614e-04 
  17.07   8.630e-04 
  17.08   8.645e-04 
  17.09   8.661e-04 
  17.10   8.677e-04 
  17.11   8.693e-04 
  17.12   8.708e-04 
  17.13   8.724e-04 
  17.14   8.740e-04 
  17.15   8.756e-04 
  17.16   8.771e-04 
  17.17   8.787e-04 
  17.18   8.802e-04 
  17.19   8.817e-04 
  17.20   8.831e-04 
  17.21   8.846e-04 
  17.22   8.860e-04 
  17.23   8.873e-04 
  17.24   8.887e-04 
  17.25   8.899e-04 
  17.26   8.911e-04 
  17.27   8.923e-04 
  17.28   8.934e-04 
  17.29   8.945e-04 
  17.30   8.954e-04 
  17.31   8.963e-04 
  17.32   8.972e-04 
  17.33   8.979e-04 
  17.34   8.986e-04 
  17.35   8.992e-04 
  17.36   8.997e-04 
  17.37   9.001e-04 
  17.38   9.004e-04 
  17.39   9.006e-04 
  17.40   9.007e-04 
  17.41   9.007e-04 
  17.42   9.006e-04 
  17.43   9.003e-04 
  17.44   9.000e-04 
  17.45   8.995e-04 
  17.46   8.989e-04 
  17.47   8.981e-04 
  17.48   8.973e-04 
  17.49   8.963e-04 
  17.50   8.951e-04 
  17.51   8.938e-04 
  17.52   8.924e-04 
  17.53   8.909e-04 
  17.54   8.892e-04 
  17.55   8.874e-04 
  17.56   8.855e-04 
  17.57   8.835e-04 
  17.58   8.814e-04 
  17.59   8.792e-04 
  17.60   8.769e-04 
  17.61   8.745e-04 
  17.62   8.720e-04 
  17.63   8.695e-04 
  17.64   8.668e-04 
  17.65   8.641e-04 
  17.66   8.614e-04 
  17.67   8.585e-04 
  17.68   8.556e-04 
  17.69   8.527e-04 
  17.70   8.497e-04 
  17.71   8.467e-04 
  17.72   8.436e-04 
  17.73   8.404e-04 
  17.74   8.373e-04 
  17.75   8.341e-04 
  17.76   8.309e-04 
  17.77   8.277e-04 
  17.78   8.244e-04 
  17.79   8.212e-04 
  17.80   8.179e-04 
  17.81   8.146e-04 
  17.82   8.114e-04 
  17.83   8.081e-04 
  17.84   8.048e-04 
  17.85   8.016e-04 
  17.86   7.983e-04 
  17.87   7.951e-04 
  17.88   7.919e-04 
  17.89   7.887e-04 
  17.90   7.856e-04 
  17.91   7.824e-04 
  17.92   7.793e-04 
  17.93   7.763e-04 
  17.94   7.732e-04 
  17.95   7.703e-04 
  17.96   7.673e-04 
  17.97   7.644e-04 
  17.98   7.616e-04 
  17.99   7.588e-04 
  18.00   7.561e-04 
  18.01   7.534e-04 
  18.02   7.508e-04 
  18.03   7.483e-04 
  18.04   7.458e-04 
  18.05   7.434e-04 
  18.06   7.410e-04 
  18.07   7.388e-04 
  18.08   7.366e-04 
  18.09   7.345e-04 
  18.10   7.325e-04 
  18.11   7.305e-04 
  18.12   7.287e-04 
  18.13   7.269e-04 
  18.14   7.253e-04 
  18.15   7.237e-04 
  18.16   7.222e-04 
  18.17   7.208e-04 
  18.18   7.196e-04 
  18.19   7.184e-04 
  18.20   7.173e-04 
  18.21   7.164e-04 
  18.22   7.155e-04 
  18.23   7.147e-04 
  18.24   7.140e-04 
  18.25   7.135e-04 
  18.26   7.129e-04 
  18.27   7.125e-04 
  18.28   7.122e-04 
  18.29   7.119e-04 
  18.30   7.117e-04 
  18.31   7.116e-04 
  18.32   7.116e-04 
  18.33   7.116e-04 
  18.34   7.117e-04 
  18.35   7.118e-04 
  18.36   7.120e-04 
  18.37   7.123e-04 
  18.38   7.126e-04 
  18.39   7.130e-04 
  18.40   7.135e-04 
  18.41   7.139e-04 
  18.42   7.145e-04 
  18.43   7.150e-04 
  18.44   7.157e-04 
  18.45   7.163e-04 
  18.46   7.170e-04 
  18.47   7.177e-04 
  18.48   7.185e-04 
  18.49   7.193e-04 
  18.50   7.201e-04 
  18.51   7.210e-04 
  18.52   7.218e-04 
  18.53   7.227e-04 
  18.54   7.236e-04 
  18.55   7.246e-04 
  18.56   7.255e-04 
  18.57   7.265e-04 
  18.58   7.274e-04 
  18.59   7.284e-04 
  18.60   7.294e-04 
  18.61   7.303e-04 
  18.62   7.313e-04 
  18.63   7.323e-04 
  18.64   7.332e-04 
  18.65   7.342e-04 
  18.66   7.352e-04 
  18.67   7.361e-04 
  18.68   7.370e-04 
  18.69   7.379e-04 
  18.70   7.388e-04 
  18.71   7.396e-04 
  18.72   7.404e-04 
  18.73   7.412e-04 
  18.74   7.419e-04 
  18.75   7.426e-04 
  18.76   7.433e-04 
  18.77   7.438e-04 
  18.78   7.444e-04 
  18.79   7.448e-04 
  18.80   7.452e-04 
  18.81   7.455e-04 
  18.82   7.457e-04 
  18.83   7.458e-04 
  18.84   7.459e-04 
  18.85   7.458e-04 
  18.86   7.457e-04 
  18.87   7.454e-04 
  18.88   7.451e-04 
  18.89   7.446e-04 
  18.90   7.440e-04 
  18.91   7.433e-04 
  18.92   7.424e-04 
  18.93   7.414e-04 
  18.94   7.403e-04 
  18.95   7.391e-04 
  18.96   7.377e-04 
  18.97   7.361e-04 
  18.98   7.345e-04 
  18.99   7.326e-04 
  19.00   7.306e-04 
  19.01   7.284e-04 
  19.02   7.261e-04 
  19.03   7.236e-04 
  19.04   7.209e-04 
  19.05   7.181e-04 
  19.06   7.151e-04 
  19.07   7.119e-04 
  19.08   7.085e-04 
  19.09   7.050e-04 
  19.10   7.012e-04 
  19.11   6.973e-04 
  19.12   6.932e-04 
  19.13   6.889e-04 
  19.14   6.844e-04 
  19.15   6.798e-04 
  19.16   6.749e-04 
  19.17   6.699e-04 
  19.18   6.647e-04 
  19.19   6.594e-04 
  19.20   6.540e-04 
  19.21   6.484e-04 
  19.22   6.428e-04 
  19.23   6.370e-04 
  19.24   6.312e-04 
  19.25   6.253e-04 
  19.26   6.193e-04 
  19.27   6.133e-04 
  19.28   6.073e-04 
  19.29   6.013e-04 
  19.30   5.952e-04 
  19.31   5.892e-04 
  19.32   5.832e-04 
  19.33   5.772e-04 
  19.34   5.712e-04 
  19.35   5.652e-04 
  19.36   5.594e-04 
  19.37   5.535e-04 
  19.38   5.478e-04 
  19.39   5.421e-04 
  19.40   5.365e-04 
  19.41   5.309e-04 
  19.42   5.255e-04 
  19.43   5.202e-04 
  19.44   5.149e-04 
  19.45   5.098e-04 
  19.46   5.048e-04 
  19.47   4.999e-04 
  19.48   4.952e-04 
  19.49   4.905e-04 
  19.50   4.861e-04 
  19.51   4.817e-04 
  19.52   4.775e-04 
  19.53   4.734e-04 
  19.54   4.695e-04 
  19.55   4.657e-04 
  19.56   4.621e-04 
  19.57   4.587e-04 
  19.58   4.554e-04 
  19.59   4.523e-04 
  19.60   4.494e-04 
  19.61   4.466e-04 
  19.62   4.441e-04 
  19.63   4.417e-04 
  19.64   4.395e-04 
  19.65   4.374e-04 
  19.66   4.356e-04 
  19.67   4.339e-04 
  19.68   4.324e-04 
  19.69   4.310e-04 
  19.70   4.298e-04 
  19.71   4.287e-04 
  19.72   4.278e-04 
  19.73   4.270e-04 
  19.74   4.263e-04 
  19.75   4.258e-04 
  19.76   4.254e-04 
  19.77   4.251e-04 
  19.78   4.249e-04 
  19.79   4.248e-04 
  19.80   4.248e-04 
  19.81   4.249e-04 
  19.82   4.251e-04 
  19.83   4.254e-04 
  19.84   4.258e-04 
  19.85   4.262e-04 
  19.86   4.268e-04 
  19.87   4.274e-04 
  19.88   4.281e-04 
  19.89   4.288e-04 
  19.90   4.296e-04 
  19.91   4.305e-04 
  19.92   4.314e-04 
  19.93   4.324e-04 
  19.94   4.334e-04 
  19.95   4.345e-04 
  19.96   4.356e-04 
  19.97   4.367e-04 
  19.98   4.379e-04 
  19.99   4.391e-04 
  20.00   4.403e-04 
  20.01   4.415e-04 
  20.02   4.428e-04 
  20.03   4.440e-04 
  20.04   4.453e-04 
  20.05   4.466e-04 
  20.06   4.478e-04 
  20.07   4.491e-04 
  20.08   4.503e-04 
  20.09   4.515e-04 
  20.10   4.528e-04 
  20.11   4.539e-04 
  20.12   4.551e-04 
  20.13   4.562e-04 
  20.14   4.573e-04 
  20.15   4.583e-04 
  20.16   4.593e-04 
  20.17   4.602e-04 
  20.18   4.610e-04 
  20.19   4.619e-04 
  20.20   4.626e-04 
  20.21   4.633e-04 
  20.22   4.639e-04 
  20.23   4.645e-04 
  20.24   4.651e-04 
  20.25   4.656e-04 
  20.26   4.661e-04 
  20.27   4.665e-04 
  20.28   4.669e-04 
  20.29   4.672e-04 
  20.30   4.675e-04 
  20.31   4.678e-04 
  20.32   4.681e-04 
  20.33   4.683e-04 
  20.34   4.686e-04 
  20.35   4.687e-04 
  20.36   4.689e-04 
  20.37   4.691e-04 
  20.38   4.692e-04 
  20.39   4.694e-04 
  20.40   4.695e-04 
  20.41   4.696e-04 
  20.42   4.697e-04 
  20.43   4.699e-04 
  20.44   4.700e-04 
  20.45   4.701e-04 
  20.46   4.702e-04 
  20.47   4.704e-04 
  20.48   4.705e-04 
  20.49   4.707e-04 
  20.50   4.709e-04 
  20.51   4.711e-04 
  20.52   4.713e-04 
  20.53   4.716e-04 
  20.54   4.719e-04 
  20.55   4.722e-04 
  20.56   4.725e-04 
  20.57   4.729e-04 
  20.58   4.733e-04 
  20.59   4.738e-04 
  20.60   4.742e-04 
  20.61   4.748e-04 
  20.62   4.754e-04 
  20.63   4.760e-04 
  20.64   4.767e-04 
  20.65   4.775e-04 
  20.66   4.783e-04 
  20.67   4.791e-04 
  20.68   4.801e-04 
  20.69   4.811e-04 
  20.70   4.821e-04 
  20.71   4.833e-04 
  20.72   4.845e-04 
  20.73   4.858e-04 
  20.74   4.872e-04 
  20.75   4.886e-04 
  20.76   4.902e-04 
  20.77   4.919e-04 
  20.78   4.936e-04 
  20.79   4.954e-04 
  20.80   4.974e-04 
  20.81   4.995e-04 
  20.82   5.016e-04 
  20.83   5.039e-04 
  20.84   5.063e-04 
  20.85   5.088e-04 
  20.86   5.115e-04 
  20.87   5.143e-04 
  20.88   5.172e-04 
  20.89   5.203e-04 
  20.90   5.234e-04 
  20.91   5.267e-04 
  20.92   5.301e-04 
  20.93   5.336e-04 
  20.94   5.372e-04 
  20.95   5.408e-04 
  20.96   5.446e-04 
  20.97   5.483e-04 
  20.98   5.522e-04 
  20.99   5.560e-04 
  21.00   5.599e-04 
  21.01   5.638e-04 
  21.02   5.677e-04 
  21.03   5.716e-04 
  21.04   5.755e-04 
  21.05   5.793e-04 
  21.06   5.831e-04 
  21.07   5.869e-04 
  21.08   5.906e-04 
  21.09   5.942e-04 
  21.10   5.976e-04 
  21.11   6.010e-04 
  21.12   6.043e-04 
  21.13   6.074e-04 
  21.14   6.104e-04 
  21.15   6.132e-04 
  21.16   6.158e-04 
  21.17   6.182e-04 
  21.18   6.204e-04 
  21.19   6.224e-04 
  21.20   6.241e-04 
  21.21   6.256e-04 
  21.22   6.268e-04 
  21.23   6.277e-04 
  21.24   6.283e-04 
  21.25   6.287e-04 
  21.26   6.286e-04 
  21.27   6.283e-04 
  21.28   6.276e-04 
  21.29   6.265e-04 
  21.30   6.251e-04 
  21.31   6.233e-04 
  21.32   6.211e-04 
  21.33   6.185e-04 
  21.34   6.155e-04 
  21.35   6.121e-04 
  21.36   6.082e-04 
  21.37   6.040e-04 
  21.38   5.993e-04 
  21.39   5.943e-04 
  21.40   5.888e-04 
  21.41   5.830e-04 
  21.42   5.769e-04 
  21.43   5.704e-04 
  21.44   5.637e-04 
  21.45   5.567e-04 
  21.46   5.494e-04 
  21.47   5.419e-04 
  21.48   5.343e-04 
  21.49   5.264e-04 
  21.50   5.184e-04 
  21.51   5.103e-04 
  21.52   5.020e-04 
  21.53   4.936e-04 
  21.54   4.852e-04 
  21.55   4.767e-04 
  21.56   4.681e-04 
  21.57   4.595e-04 
  21.58   4.509e-04 
  21.59   4.423e-04 
  21.60   4.338e-04 
  21.61   4.252e-04 
  21.62   4.167e-04 
  21.63   4.083e-04 
  21.64   3.999e-04 
  21.65   3.916e-04 
  21.66   3.834e-04 
  21.67   3.753e-04 
  21.68   3.672e-04 
  21.69   3.593e-04 
  21.70   3.515e-04 
  21.71   3.439e-04 
  21.72   3.363e-04 
  21.73   3.289e-04 
  21.74   3.217e-04 
  21.75   3.145e-04 
  21.76   3.076e-04 
  21.77   3.008e-04 
  21.78   2.941e-04 
  21.79   2.876e-04 
  21.80   2.812e-04 
  21.81   2.750e-04 
  21.82   2.689e-04 
  21.83   2.631e-04 
  21.84   2.573e-04 
  21.85   2.517e-04 
  21.86   2.463e-04 
  21.87   2.411e-04 
  21.88   2.360e-04 
  21.89   2.310e-04 
  21.90   2.262e-04 
  21.91   2.216e-04 
  21.92   2.171e-04 
  21.93   2.128e-04 
  21.94   2.086e-04 
  21.95   2.046e-04 
  21.96   2.007e-04 
  21.97   1.970e-04 
  21.98   1.934e-04 
  21.99   1.899e-04 
  22.00   1.866e-04 
  22.01   1.834e-04 
  22.02   1.804e-04 
  22.03   1.775e-04 
  22.04   1.747e-04 
  22.05   1.720e-04 
  22.06   1.695e-04 
  22.07   1.671e-04 
  22.08   1.649e-04 
  22.09   1.627e-04 
  22.10   1.607e-04 
  22.11   1.588e-04 
  22.12   1.570e-04 
  22.13   1.553e-04 
  22.14   1.537e-04 
  22.15   1.522e-04 
  22.16   1.508e-04 
  22.17   1.495e-04 
  22.18   1.483e-04 
  22.19   1.472e-04 
  22.20   1.461e-04 
  22.21   1.452e-04 
  22.22   1.443e-04 
  22.23   1.434e-04 
  22.24   1.427e-04 
  22.25   1.420e-04 
  22.26   1.414e-04 
  22.27   1.409e-04 
  22.28   1.404e-04 
  22.29   1.400e-04 
  22.30   1.397e-04 
  22.31   1.394e-04 
  22.32   1.392e-04 
  22.33   1.390e-04 
  22.34   1.390e-04 
  22.35   1.389e-04 
  22.36   1.390e-04 
  22.37   1.390e-04 
  22.38   1.392e-04 
  22.39   1.394e-04 
  22.40   1.396e-04 
  22.41   1.400e-04 
  22.42   1.403e-04 
  22.43   1.408e-04 
  22.44   1.412e-04 
  22.45   1.418e-04 
  22.46   1.424e-04 
  22.47   1.430e-04 
  22.48   1.437e-04 
  22.49   1.445e-04 
  22.50   1.453e-04 
  22.51   1.461e-04 
  22.52   1.471e-04 
  22.53   1.480e-04 
  22.54   1.491e-04 
  22.55   1.502e-04 
  22.56   1.513e-04 
  22.57   1.525e-04 
  22.58   1.538e-04 
  22.59   1.551e-04 
  22.60   1.565e-04 
  22.61   1.579e-04 
  22.62   1.594e-04 
  22.63   1.609e-04 
  22.64   1.625e-04 
  22.65   1.642e-04 
  22.66   1.660e-04 
  22.67   1.677e-04 
  22.68   1.696e-04 
  22.69   1.715e-04 
  22.70   1.735e-04 
  22.71   1.756e-04 
  22.72   1.777e-04 
  22.73   1.799e-04 
  22.74   1.821e-04 
  22.75   1.845e-04 
  22.76   1.869e-04 
  22.77   1.893e-04 
  22.78   1.919e-04 
  22.79   1.945e-04 
  22.80   1.971e-04 
  22.81   1.999e-04 
  22.82   2.027e-04 
  22.83   2.057e-04 
  22.84   2.086e-04 
  22.85   2.117e-04 
  22.86   2.149e-04 
  22.87   2.181e-04 
  22.88   2.214e-04 
  22.89   2.248e-04 
  22.90   2.283e-04 
  22.91   2.319e-04 
  22.92   2.355e-04 
  22.93   2.393e-04 
  22.94   2.431e-04 
  22.95   2.470e-04 
  22.96   2.510e-04 
  22.97   2.552e-04 
  22.98   2.594e-04 
  22.99   2.637e-04 
  23.00   2.680e-04 
  23.01   2.725e-04 
  23.02   2.771e-04 
  23.03   2.818e-04 
  23.04   2.866e-04 
  23.05   2.915e-04 
  23.06   2.965e-04 
  23.07   3.016e-04 
  23.08   3.067e-04 
  23.09   3.120e-04 
  23.10   3.174e-04 
  23.11   3.229e-04 
  23.12   3.285e-04 
  23.13   3.342e-04 
  23.14   3.400e-04 
  23.15   3.459e-04 
  23.16   3.519e-04 
  23.17   3.580e-04 
  23.18   3.642e-04 
  23.19   3.705e-04 
  23.20   3.769e-04 
  23.21   3.833e-04 
  23.22   3.899e-04 
  23.23   3.966e-04 
  23.24   4.033e-04 
  23.25   4.101e-04 
  23.26   4.171e-04 
  23.27   4.241e-04 
  23.28   4.311e-04 
  23.29   4.383e-04 
  23.30   4.455e-04 
  23.31   4.528e-04 
  23.32   4.602e-04 
  23.33   4.676e-04 
  23.34   4.751e-04 
  23.35   4.826e-04 
  23.36   4.902e-04 
  23.37   4.978e-04 
  23.38   5.055e-04 
  23.39   5.132e-04 
  23.40   5.209e-04 
  23.41   5.287e-04 
  23.42   5.365e-04 
  23.43   5.442e-04 
  23.44   5.520e-04 
  23.45   5.598e-04 
  23.46   5.676e-04 
  23.47   5.753e-04 
  23.48   5.831e-04 
  23.49   5.908e-04 
  23.50   5.984e-04 
  23.51   6.060e-04 
  23.52   6.136e-04 
  23.53   6.211e-04 
  23.54   6.285e-04 
  23.55   6.358e-04 
  23.56   6.430e-04 
  23.57   6.502e-04 
  23.58   6.572e-04 
  23.59   6.641e-04 
  23.60   6.708e-04 
  23.61   6.775e-04 
  23.62   6.839e-04 
  23.63   6.902e-04 
  23.64   6.964e-04 
  23.65   7.023e-04 
  23.66   7.081e-04 
  23.67   7.136e-04 
  23.68   7.190e-04 
  23.69   7.241e-04 
  23.70   7.290e-04 
  23.71   7.338e-04 
  23.72   7.383e-04 
  23.73   7.426e-04 
  23.74   7.467e-04 
  23.75   7.506e-04 
  23.76   7.544e-04 
  23.77   7.579e-04 
  23.78   7.612e-04 
  23.79   7.643e-04 
  23.80   7.673e-04 
  23.81   7.700e-04 
  23.82   7.726e-04 
  23.83   7.750e-04 
  23.84   7.772e-04 
  23.85   7.792e-04 
  23.86   7.811e-04 
  23.87   7.828e-04 
  23.88   7.843e-04 
  23.89   7.857e-04 
  23.90   7.869e-04 
  23.91   7.880e-04 
  23.92   7.889e-04 
  23.93   7.897e-04 
  23.94   7.904e-04 
  23.95   7.909e-04 
  23.96   7.913e-04 
  23.97   7.916e-04 
  23.98   7.918e-04 
  23.99   7.919e-04 
  24.00   7.918e-04 
  24.01   7.917e-04 
  24.02   7.915e-04 
  24.03   7.911e-04 
  24.04   7.907e-04 
  24.05   7.903e-04 
  24.06   7.897e-04 
  24.07   7.891e-04 
  24.08   7.885e-04 
  24.09   7.877e-04 
  24.10   7.870e-04 
  24.11   7.861e-04 
  24.12   7.853e-04 
  24.13   7.844e-04 
  24.14   7.835e-04 
  24.15   7.826e-04 
  24.16   7.816e-04 
  24.17   7.806e-04 
  24.18   7.797e-04 
  24.19   7.787e-04 
  24.20   7.777e-04 
  24.21   7.768e-04 
  24.22   7.758e-04 
  24.23   7.749e-04 
  24.24   7.740e-04 
  24.25   7.732e-04 
  24.26   7.723e-04 
  24.27   7.715e-04 
  24.28   7.708e-04 
  24.29   7.701e-04 
  24.30   7.695e-04 
  24.31   7.689e-04 
  24.32   7.684e-04 
  24.33   7.679e-04 
  24.34   7.676e-04 
  24.35   7.673e-04 
  24.36   7.671e-04 
  24.37   7.670e-04 
  24.38   7.670e-04 
  24.39   7.671e-04 
  24.40   7.673e-04 
  24.41   7.676e-04 
  24.42   7.680e-04 
  24.43   7.686e-04 
  24.44   7.692e-04 
  24.45   7.700e-04 
  24.46   7.710e-04 
  24.47   7.720e-04 
  24.48   7.732e-04 
  24.49   7.746e-04 
  24.50   7.760e-04 
  24.51   7.776e-04 
  24.52   7.793e-04 
  24.53   7.811e-04 
  24.54   7.830e-04 
  24.55   7.850e-04 
  24.56   7.872e-04 
  24.57   7.895e-04 
  24.58   7.918e-04 
  24.59   7.943e-04 
  24.60   7.969e-04 
  24.61   7.996e-04 
  24.62   8.024e-04 
  24.63   8.053e-04 
  24.64   8.083e-04 
  24.65   8.114e-04 
  24.66   8.146e-04 
  24.67   8.179e-04 
  24.68   8.213e-04 
  24.69   8.248e-04 
  24.70   8.283e-04 
  24.71   8.320e-04 
  24.72   8.358e-04 
  24.73   8.396e-04 
  24.74   8.435e-04 
  24.75   8.475e-04 
  24.76   8.516e-04 
  24.77   8.558e-04 
  24.78   8.600e-04 
  24.79   8.644e-04 
  24.80   8.688e-04 
  24.81   8.732e-04 
  24.82   8.778e-04 
  24.83   8.824e-04 
  24.84   8.870e-04 
  24.85   8.918e-04 
  24.86   8.966e-04 
  24.87   9.015e-04 
  24.88   9.064e-04 
  24.89   9.114e-04 
  24.90   9.164e-04 
  24.91   9.215e-04 
  24.92   9.266e-04 
  24.93   9.318e-04 
  24.94   9.370e-04 
  24.95   9.423e-04 
  24.96   9.476e-04 
  24.97   9.529e-04 
  24.98   9.583e-04 
  24.99   9.637e-04 
  25.00   9.691e-04 
  25.01   9.745e-04 
  25.02   9.800e-04 
  25.03   9.855e-04 
  25.04   9.910e-04 
  25.05   9.965e-04 
  25.06   1.002e-03 
  25.07   1.008e-03 
  25.08   1.013e-03 
  25.09   1.019e-03 
  25.10   1.024e-03 
  25.11   1.030e-03 
  25.12   1.035e-03 
  25.13   1.041e-03 
  25.14   1.046e-03 
  25.15   1.052e-03 
  25.16   1.057e-03 
  25.17   1.062e-03 
  25.18   1.068e-03 
  25.19   1.073e-03 
  25.20   1.078e-03 
  25.21   1.083e-03 
  25.22   1.089e-03 
  25.23   1.094e-03 
  25.24   1.099e-03 
  25.25   1.104e-03 
  25.26   1.109e-03 
  25.27   1.114e-03 
  25.28   1.119e-03 
  25.29   1.124e-03 
  25.30   1.129e-03 
  25.31   1.134e-03 
  25.32   1.139e-03 
  25.33   1.144e-03 
  25.34   1.149e-03 
  25.35   1.154e-03 
  25.36   1.159e-03 
  25.37   1.163e-03 
  25.38   1.168e-03 
  25.39   1.173e-03 
  25.40   1.178e-03 
  25.41   1.182e-03 
  25.42   1.187e-03 
  25.43   1.192e-03 
  25.44   1.196e-03 
  25.45   1.201e-03 
  25.46   1.206e-03 
  25.47   1.210e-03 
  25.48   1.215e-03 
  25.49   1.219e-03 
  25.50   1.224e-03 
  25.51   1.229e-03 
  25.52   1.233e-03 
  25.53   1.238e-03 
  25.54   1.242e-03 
  25.55   1.247e-03 
  25.56   1.251e-03 
  25.57   1.256e-03 
  25.58   1.260e-03 
  25.59   1.265e-03 
  25.60   1.269e-03 
  25.61   1.274e-03 
  25.62   1.278e-03 
  25.63   1.283e-03 
  25.64   1.288e-03 
  25.65   1.292e-03 
  25.66   1.297e-03 
  25.67   1.301e-03 
  25.68   1.306e-03 
  25.69   1.310e-03 
  25.70   1.315e-03 
  25.71   1.319e-03 
  25.72   1.324e-03 
  25.73   1.329e-03 
  25.74   1.333e-03 
  25.75   1.338e-03 
  25.76   1.343e-03 
  25.77   1.347e-03 
  25.78   1.352e-03 
  25.79   1.357e-03 
  25.80   1.362e-03 
  25.81   1.366e-03 
  25.82   1.371e-03 
  25.83   1.376e-03 
  25.84   1.381e-03 
  25.85   1.386e-03 
  25.86   1.391e-03 
  25.87   1.396e-03 
  25.88   1.401e-03 
  25.89   1.406e-03 
  25.90   1.411e-03 
  25.91   1.416e-03 
  25.92   1.421e-03 
  25.93   1.427e-03 
  25.94   1.432e-03 
  25.95   1.437e-03 
  25.96   1.442e-03 
  25.97   1.447e-03 
  25.98   1.453e-03 
  25.99   1.458e-03 
  26.00   1.463e-03 
  26.01   1.469e-03 
  26.02   1.474e-03 
  26.03   1.480e-03 
  26.04   1.485e-03 
  26.05   1.490e-03 
  26.06   1.496e-03 
  26.07   1.501e-03 
  26.08   1.507e-03 
  26.09   1.512e-03 
  26.10   1.518e-03 
  26.11   1.524e-03 
  26.12   1.529e-03 
  26.13   1.535e-03 
  26.14   1.540e-03 
  26.15   1.546e-03 
  26.16   1.551e-03 
  26.17   1.557e-03 
  26.18   1.563e-03 
  26.19   1.568e-03 
  26.20   1.574e-03 
  26.21   1.580e-03 
  26.22   1.585e-03 
  26.23   1.591e-03 
  26.24   1.597e-03 
  26.25   1.602e-03 
  26.26   1.608e-03 
  26.27   1.613e-03 
  26.28   1.619e-03 
  26.29   1.625e-03 
  26.30   1.630e-03 
  26.31   1.636e-03 
  26.32   1.642e-03 
  26.33   1.647e-03 
  26.34   1.653e-03 
  26.35   1.658e-03 
  26.36   1.664e-03 
  26.37   1.670e-03 
  26.38   1.675e-03 
  26.39   1.681e-03 
  26.40   1.686e-03 
  26.41   1.692e-03 
  26.42   1.697e-03 
  26.43   1.703e-03 
  26.44   1.708e-03 
  26.45   1.714e-03 
  26.46   1.719e-03 
  26.47   1.724e-03 
  26.48   1.730e-03 
  26.49   1.735e-03 
  26.50   1.740e-03 
  26.51   1.746e-03 
  26.52   1.751e-03 
  26.53   1.756e-03 
  26.54   1.761e-03 
  26.55   1.767e-03 
  26.56   1.772e-03 
  26.57   1.777e-03 
  26.58   1.782e-03 
  26.59   1.787e-03 
  26.60   1.792e-03 
  26.61   1.797e-03 
  26.62   1.802e-03 
  26.63   1.807e-03 
  26.64   1.812e-03 
  26.65   1.817e-03 
  26.66   1.822e-03 
  26.67   1.827e-03 
  26.68   1.832e-03 
  26.69   1.836e-03 
  26.70   1.841e-03 
  26.71   1.846e-03 
  26.72   1.851e-03 
  26.73   1.856e-03 
  26.74   1.860e-03 
  26.75   1.865e-03 
  26.76   1.870e-03 
  26.77   1.874e-03 
  26.78   1.879e-03 
  26.79   1.883e-03 
  26.80   1.888e-03 
  26.81   1.892e-03 
  26.82   1.897e-03 
  26.83   1.902e-03 
  26.84   1.906e-03 
  26.85   1.910e-03 
  26.86   1.915e-03 
  26.87   1.919e-03 
  26.88   1.924e-03 
  26.89   1.928e-03 
  26.90   1.932e-03 
  26.91   1.937e-03 
  26.92   1.941e-03 
  26.93   1.945e-03 
  26.94   1.949e-03 
  26.95   1.954e-03 
  26.96   1.958e-03 
  26.97   1.962e-03 
  26.98   1.966e-03 
  26.99   1.970e-03 
  27.00   1.974e-03 
  27.01   1.978e-03 
  27.02   1.982e-03 
  27.03   1.987e-03 
  27.04   1.991e-03 
  27.05   1.995e-03 
  27.06   1.999e-03 
  27.07   2.003e-03 
  27.08   2.006e-03 
  27.09   2.010e-03 
  27.10   2.014e-03 
  27.11   2.018e-03 
  27.12   2.022e-03 
  27.13   2.026e-03 
  27.14   2.030e-03 
  27.15   2.034e-03 
  27.16   2.037e-03 
  27.17   2.041e-03 
  27.18   2.045e-03 
  27.19   2.049e-03 
  27.20   2.052e-03 
  27.21   2.056e-03 
  27.22   2.060e-03 
  27.23   2.063e-03 
  27.24   2.067e-03 
  27.25   2.071e-03 
  27.26   2.074e-03 
  27.27   2.078e-03 
  27.28   2.082e-03 
  27.29   2.085e-03 
  27.30   2.089e-03 
  27.31   2.092e-03 
  27.32   2.096e-03 
  27.33   2.100e-03 
  27.34   2.103e-03 
  27.35   2.107e-03 
  27.36   2.110e-03 
  27.37   2.114e-03 
  27.38   2.117e-03 
  27.39   2.121e-03 
  27.40   2.124e-03 
  27.41   2.128e-03 
  27.42   2.131e-03 
  27.43   2.135e-03 
  27.44   2.138e-03 
  27.45   2.142e-03 
  27.46   2.145e-03 
  27.47   2.148e-03 
  27.48   2.152e-03 
  27.49   2.155e-03 
  27.50   2.159e-03 
  27.51   2.162e-03 
  27.52   2.165e-03 
  27.53   2.169e-03 
  27.54   2.172e-03 
  27.55   2.176e-03 
  27.56   2.179e-03 
  27.57   2.183e-03 
  27.58   2.186e-03 
  27.59   2.189e-03 
  27.60   2.193e-03 
  27.61   2.196e-03 
  27.62   2.199e-03 
  27.63   2.203e-03 
  27.64   2.206e-03 
  27.65   2.210e-03 
  27.66   2.213e-03 
  27.67   2.216e-03 
  27.68   2.220e-03 
  27.69   2.223e-03 
  27.70   2.227e-03 
  27.71   2.230e-03 
  27.72   2.234e-03 
  27.73   2.237e-03 
  27.74   2.240e-03 
  27.75   2.244e-03 
  27.76   2.247e-03 
  27.77   2.251e-03 
  27.78   2.254e-03 
  27.79   2.258e-03 
  27.80   2.261e-03 
  27.81   2.265e-03 
  27.82   2.268e-03 
  27.83   2.272e-03 
  27.84   2.275e-03 
  27.85   2.279e-03 
  27.86   2.282e-03 
  27.87   2.286e-03 
  27.88   2.289e-03 
  27.89   2.293e-03 
  27.90   2.296e-03 
  27.91   2.300e-03 
  27.92   2.303e-03 
  27.93   2.307e-03 
  27.94   2.310e-03 
  27.95   2.314e-03 
  27.96   2.317e-03 
  27.97   2.321e-03 
  27.98   2.325e-03 
  27.99   2.328e-03 
  28.00   2.332e-03 
