# Transformed to the PS r-band from Zeljko and Juric's SDSS luminosity
# function (MrLF.MSandRGB_v1.0.dat), using Eddie Schlafly's
# pssdsstransformall routine in ps.py. For details, see Greg Green's
# sdss2ps.py. For more information on the original SDSS template
# library, see the header in MrLF.MSandRGB_v1.0.dat.
# 
#  Mr        LF
# (AB) (stars/pc^3/mag)
-1.00 3.455e-05
-0.99 3.481e-05
-0.98 3.508e-05
-0.97 3.534e-05
-0.96 3.561e-05
-0.95 3.589e-05
-0.94 3.616e-05
-0.93 3.643e-05
-0.92 3.671e-05
-0.91 3.699e-05
-0.90 3.727e-05
-0.89 3.756e-05
-0.88 3.784e-05
-0.87 3.813e-05
-0.86 3.842e-05
-0.85 3.872e-05
-0.84 3.901e-05
-0.83 3.931e-05
-0.82 3.961e-05
-0.81 3.991e-05
-0.80 4.021e-05
-0.79 4.052e-05
-0.78 4.083e-05
-0.77 4.114e-05
-0.76 4.145e-05
-0.75 4.177e-05
-0.74 4.209e-05
-0.73 4.241e-05
-0.72 4.274e-05
-0.71 4.307e-05
-0.70 4.34e-05
-0.69 4.373e-05
-0.68 4.406e-05
-0.67 4.44e-05
-0.66 4.473e-05
-0.65 4.508e-05
-0.64 4.542e-05
-0.63 4.577e-05
-0.62 4.611e-05
-0.61 4.647e-05
-0.60 4.682e-05
-0.59 4.718e-05
-0.58 4.754e-05
-0.57 4.79e-05
-0.56 4.826e-05
-0.55 4.863e-05
-0.54 4.9e-05
-0.53 4.938e-05
-0.52 4.975e-05
-0.51 5.013e-05
-0.50 5.051e-05
-0.49 5.09e-05
-0.48 5.129e-05
-0.47 5.168e-05
-0.46 5.207e-05
-0.45 5.247e-05
-0.44 5.287e-05
-0.43 5.328e-05
-0.42 5.369e-05
-0.41 5.41e-05
-0.40 5.451e-05
-0.39 5.492e-05
-0.38 5.534e-05
-0.37 5.576e-05
-0.36 5.619e-05
-0.35 5.662e-05
-0.34 5.705e-05
-0.33 5.748e-05
-0.32 5.792e-05
-0.31 5.836e-05
-0.30 5.881e-05
-0.29 5.925e-05
-0.28 5.971e-05
-0.27 6.016e-05
-0.26 6.062e-05
-0.25 6.108e-05
-0.24 6.155e-05
-0.23 6.202e-05
-0.22 6.249e-05
-0.21 6.297e-05
-0.20 6.345e-05
-0.19 6.394e-05
-0.18 6.443e-05
-0.17 6.492e-05
-0.16 6.541e-05
-0.15 6.591e-05
-0.14 6.641e-05
-0.13 6.692e-05
-0.12 6.743e-05
-0.11 6.794e-05
-0.10 6.846e-05
-0.09 6.898e-05
-0.08 6.951e-05
-0.07 7.004e-05
-0.06 7.057e-05
-0.05 7.111e-05
-0.04 7.165e-05
-0.03 7.22e-05
-0.02 7.275e-05
-0.01 7.33e-05
0.00 7.386e-05
0.01 7.443e-05
0.02 7.5e-05
0.03 7.557e-05
0.04 7.615e-05
0.05 7.673e-05
0.06 7.731e-05
0.07 7.79e-05
0.08 7.85e-05
0.09 7.909e-05
0.10 7.97e-05
0.11 8.03e-05
0.12 8.092e-05
0.13 8.153e-05
0.14 8.215e-05
0.15 8.278e-05
0.16 8.341e-05
0.17 8.405e-05
0.18 8.469e-05
0.19 8.533e-05
0.20 8.598e-05
0.21 8.664e-05
0.22 8.73e-05
0.23 8.797e-05
0.24 8.864e-05
0.25 8.932e-05
0.26 9e-05
0.27 9.069e-05
0.28 9.138e-05
0.29 9.207e-05
0.30 9.278e-05
0.31 9.348e-05
0.32 9.419e-05
0.33 9.491e-05
0.34 9.564e-05
0.35 9.636e-05
0.36 9.71e-05
0.37 9.784e-05
0.38 9.858e-05
0.39 9.934e-05
0.40 0.0001001
0.41 0.0001009
0.42 0.0001016
0.43 0.0001024
0.44 0.0001032
0.45 0.000104
0.46 0.0001048
0.47 0.0001056
0.48 0.0001064
0.49 0.0001072
0.50 0.000108
0.51 0.0001088
0.52 0.0001097
0.53 0.0001105
0.54 0.0001113
0.55 0.0001122
0.56 0.000113
0.57 0.0001139
0.58 0.0001148
0.59 0.0001156
0.60 0.0001165
0.61 0.0001174
0.62 0.0001183
0.63 0.0001192
0.64 0.0001201
0.65 0.000121
0.66 0.000122
0.67 0.0001229
0.68 0.0001238
0.69 0.0001248
0.70 0.0001257
0.71 0.0001267
0.72 0.0001276
0.73 0.0001286
0.74 0.0001296
0.75 0.0001306
0.76 0.0001316
0.77 0.0001326
0.78 0.0001336
0.79 0.0001346
0.80 0.0001356
0.81 0.0001367
0.82 0.0001377
0.83 0.0001388
0.84 0.0001398
0.85 0.0001409
0.86 0.000142
0.87 0.000143
0.88 0.0001441
0.89 0.0001452
0.90 0.0001463
0.91 0.0001475
0.92 0.0001486
0.93 0.0001497
0.94 0.0001508
0.95 0.000152
0.96 0.0001532
0.97 0.0001543
0.98 0.0001555
0.99 0.0001567
1.00 0.0001579
1.01 0.0001591
1.02 0.0001603
1.03 0.0001615
1.04 0.0001628
1.05 0.000164
1.06 0.0001652
1.07 0.0001665
1.08 0.0001678
1.09 0.000169
1.10 0.0001703
1.11 0.0001716
1.12 0.0001729
1.13 0.0001743
1.14 0.0001756
1.15 0.0001769
1.16 0.0001783
1.17 0.0001796
1.18 0.000181
1.19 0.0001824
1.20 0.0001838
1.21 0.0001852
1.22 0.0001866
1.23 0.000188
1.24 0.0001894
1.25 0.0001909
1.26 0.0001923
1.27 0.0001938
1.28 0.0001953
1.29 0.0001968
1.30 0.0001983
1.31 0.0001998
1.32 0.0002013
1.33 0.0002028
1.34 0.0002044
1.35 0.000206
1.36 0.0002075
1.37 0.0002091
1.38 0.0002107
1.39 0.0002123
1.40 0.0002139
1.41 0.0002156
1.42 0.0002172
1.43 0.0002189
1.44 0.0002205
1.45 0.0002222
1.46 0.0002239
1.47 0.0002256
1.48 0.0002273
1.49 0.0002291
1.50 0.0002308
1.51 0.0002326
1.52 0.0002343
1.53 0.0002361
1.54 0.0002379
1.55 0.0002397
1.56 0.0002416
1.57 0.0002434
1.58 0.0002453
1.59 0.0002471
1.60 0.000249
1.61 0.0002509
1.62 0.0002528
1.63 0.0002548
1.64 0.0002567
1.65 0.0002587
1.66 0.0002606
1.67 0.0002626
1.68 0.0002646
1.69 0.0002666
1.70 0.0002687
1.71 0.0002707
1.72 0.0002728
1.73 0.0002749
1.74 0.000277
1.75 0.0002791
1.76 0.0002812
1.77 0.0002833
1.78 0.0002855
1.79 0.0002877
1.80 0.0002899
1.81 0.0002921
1.82 0.0002943
1.83 0.0002966
1.84 0.0002988
1.85 0.0003011
1.86 0.0003034
1.87 0.0003057
1.88 0.000308
1.89 0.0003104
1.90 0.0003127
1.91 0.0003151
1.92 0.0003175
1.93 0.00032
1.94 0.0003223
1.95 0.0003248
1.96 0.0003272
1.97 0.0003297
1.98 0.0003322
1.99 0.0003348
2.00 0.0003373
2.01 0.0003399
2.02 0.0003425
2.03 0.0003451
2.04 0.0003477
2.05 0.0003504
2.06 0.0003531
2.07 0.0003558
2.08 0.0003585
2.09 0.0003612
2.10 0.000364
2.11 0.0003667
2.12 0.0003695
2.13 0.0003724
2.14 0.0003752
2.15 0.0003781
2.16 0.0003809
2.17 0.0003838
2.18 0.0003868
2.19 0.0003897
2.20 0.0003927
2.21 0.0003957
2.22 0.0003987
2.23 0.0004018
2.24 0.0004048
2.25 0.0004079
2.26 0.000411
2.27 0.000414
2.28 0.0004172
2.29 0.0004204
2.30 0.0004236
2.31 0.0004268
2.32 0.0004301
2.33 0.0004334
2.34 0.0004367
2.35 0.00044
2.36 0.0004434
2.37 0.0004467
2.38 0.0004502
2.39 0.0004536
2.40 0.000457
2.41 0.0004605
2.42 0.000464
2.43 0.0004676
2.44 0.0004712
2.45 0.0004748
2.46 0.0004784
2.47 0.0004819
2.48 0.0004856
2.49 0.0004893
2.50 0.000493
2.51 0.0004968
2.52 0.0005006
2.53 0.0005044
2.54 0.0005083
2.55 0.0005121
2.56 0.000516
2.57 0.00052
2.58 0.000524
2.59 0.000528
2.60 0.000532
2.61 0.0005359
2.62 0.00054
2.63 0.0005441
2.64 0.0005483
2.65 0.0005525
2.66 0.0005567
2.67 0.000561
2.68 0.0005652
2.69 0.0005695
2.70 0.0005739
2.71 0.0005783
2.72 0.0005826
2.73 0.000587
2.74 0.0005915
2.75 0.000596
2.76 0.0006006
2.77 0.0006052
2.78 0.0006098
2.79 0.0006144
2.80 0.0006191
2.81 0.0006237
2.82 0.0006285
2.83 0.0006333
2.84 0.0006381
2.85 0.000643
2.86 0.0006479
2.87 0.0006529
2.88 0.0006579
2.89 0.0006628
2.90 0.0006678
2.91 0.0006729
2.92 0.0006781
2.93 0.0006832
2.94 0.0006885
2.95 0.0006937
2.96 0.0006989
2.97 0.0007042
2.98 0.0007096
2.99 0.000715
3.00 0.0007205
3.01 0.000726
3.02 0.0007315
3.03 0.000737
3.04 0.0007427
3.05 0.0007483
3.06 0.000754
3.07 0.0007598
3.08 0.0007656
3.09 0.0007714
3.10 0.0007772
3.11 0.0007832
3.12 0.0007892
3.13 0.0007952
3.14 0.0008013
3.15 0.0008073
3.16 0.0008134
3.17 0.0008196
3.18 0.0008259
3.19 0.0008322
3.20 0.0008386
3.21 0.0008449
3.22 0.0008513
3.23 0.0008578
3.24 0.0008644
3.25 0.000871
3.26 0.0008776
3.27 0.0008842
3.28 0.000891
3.29 0.0008978
3.30 0.0009047
3.31 0.0009116
3.32 0.0009184
3.33 0.0009254
3.34 0.0009325
3.35 0.0009396
3.36 0.0009468
3.37 0.000954
3.38 0.0009612
3.39 0.0009686
3.40 0.000976
3.41 0.0009834
3.42 0.0009909
3.43 0.0009984
3.44 0.001006
3.45 0.001014
3.46 0.001021
3.47 0.001029
3.48 0.001037
3.49 0.001045
3.50 0.001053
3.51 0.001061
3.52 0.001069
3.53 0.001077
3.54 0.001085
3.55 0.001093
3.56 0.001102
3.57 0.00111
3.58 0.001119
3.59 0.001127
3.60 0.001136
3.61 0.001144
3.62 0.001153
3.63 0.001162
3.64 0.001171
3.65 0.00118
3.66 0.001189
3.67 0.001198
3.68 0.001207
3.69 0.001216
3.70 0.001226
3.71 0.001235
3.72 0.001244
3.73 0.001254
3.74 0.001263
3.75 0.001273
3.76 0.001283
3.77 0.001293
3.78 0.001303
3.79 0.001312
3.80 0.001323
3.81 0.001333
3.82 0.001343
3.83 0.001353
3.84 0.001363
3.85 0.001374
3.86 0.001384
3.87 0.001395
3.88 0.001406
3.89 0.001416
3.90 0.001427
3.91 0.001438
3.92 0.001449
3.93 0.00146
3.94 0.001471
3.95 0.001482
3.96 0.001494
3.97 0.001505
3.98 0.001517
3.99 0.001528
4.00 0.00154
4.01 0.001552
4.02 0.001564
4.03 0.001575
4.04 0.001587
4.05 0.0016
4.06 0.001612
4.07 0.001624
4.08 0.001637
4.09 0.001649
4.10 0.001662
4.11 0.001674
4.12 0.001687
4.13 0.0017
4.14 0.001713
4.15 0.001726
4.16 0.001739
4.17 0.001753
4.18 0.001766
4.19 0.001779
4.20 0.001793
4.21 0.001807
4.22 0.00182
4.23 0.001834
4.24 0.001848
4.25 0.001862
4.26 0.001877
4.27 0.001891
4.28 0.001905
4.29 0.00192
4.30 0.001935
4.31 0.001949
4.32 0.001964
4.33 0.001979
4.34 0.001994
4.35 0.00201
4.36 0.002025
4.37 0.002041
4.38 0.002056
4.39 0.002072
4.40 0.002089
4.41 0.002105
4.42 0.002121
4.43 0.002137
4.44 0.002153
4.45 0.00217
4.46 0.002186
4.47 0.002203
4.48 0.00222
4.49 0.002237
4.50 0.002254
4.51 0.002271
4.52 0.002288
4.53 0.002305
4.54 0.002323
4.55 0.002341
4.56 0.002358
4.57 0.002376
4.58 0.002395
4.59 0.002413
4.60 0.002432
4.61 0.00245
4.62 0.002469
4.63 0.002488
4.64 0.002507
4.65 0.002527
4.66 0.002546
4.67 0.002566
4.68 0.002585
4.69 0.002604
4.70 0.002624
4.71 0.002643
4.72 0.002662
4.73 0.002681
4.74 0.002701
4.75 0.002722
4.76 0.002742
4.77 0.002764
4.78 0.002785
4.79 0.002808
4.80 0.002832
4.81 0.002857
4.82 0.002882
4.83 0.002908
4.84 0.002934
4.85 0.002958
4.86 0.002982
4.87 0.003004
4.88 0.003024
4.89 0.003041
4.90 0.003055
4.91 0.003073
4.92 0.003127
4.93 0.003218
4.94 0.003315
4.95 0.00339
4.96 0.003447
4.97 0.003495
4.98 0.003537
4.99 0.003571
5.00 0.003596
5.01 0.003615
5.02 0.003625
5.03 0.003629
5.04 0.003626
5.05 0.003615
5.06 0.003599
5.07 0.00358
5.08 0.003558
5.09 0.003532
5.10 0.0035
5.11 0.003464
5.12 0.003429
5.13 0.003401
5.14 0.003376
5.15 0.003351
5.16 0.003319
5.17 0.003283
5.18 0.003247
5.19 0.003212
5.20 0.003179
5.21 0.003147
5.22 0.003116
5.23 0.003086
5.24 0.003058
5.25 0.00303
5.26 0.003004
5.27 0.002977
5.28 0.00295
5.29 0.002924
5.30 0.002899
5.31 0.002875
5.32 0.002852
5.33 0.00283
5.34 0.002809
5.35 0.002787
5.36 0.002767
5.37 0.002747
5.38 0.002727
5.39 0.002708
5.40 0.00269
5.41 0.002672
5.42 0.002654
5.43 0.002637
5.44 0.002621
5.45 0.002605
5.46 0.002589
5.47 0.002574
5.48 0.00256
5.49 0.002545
5.50 0.002532
5.51 0.002518
5.52 0.002505
5.53 0.002492
5.54 0.002479
5.55 0.002467
5.56 0.002455
5.57 0.002444
5.58 0.002433
5.59 0.002423
5.60 0.002413
5.61 0.002403
5.62 0.002393
5.63 0.002383
5.64 0.002374
5.65 0.002366
5.66 0.002358
5.67 0.002349
5.68 0.002341
5.69 0.002334
5.70 0.002326
5.71 0.002319
5.72 0.002312
5.73 0.002306
5.74 0.002299
5.75 0.002293
5.76 0.002287
5.77 0.002281
5.78 0.002276
5.79 0.002271
5.80 0.002267
5.81 0.002263
5.82 0.002258
5.83 0.002254
5.84 0.00225
5.85 0.002246
5.86 0.002243
5.87 0.002239
5.88 0.002236
5.89 0.002233
5.90 0.00223
5.91 0.002228
5.92 0.002226
5.93 0.002224
5.94 0.002222
5.95 0.00222
5.96 0.002218
5.97 0.002217
5.98 0.002216
5.99 0.002215
6.00 0.002215
6.01 0.002214
6.02 0.002213
6.03 0.002213
6.04 0.002213
6.05 0.002213
6.06 0.002214
6.07 0.002214
6.08 0.002215
6.09 0.002215
6.10 0.002217
6.11 0.002218
6.12 0.002219
6.13 0.00222
6.14 0.002222
6.15 0.002223
6.16 0.002225
6.17 0.002228
6.18 0.00223
6.19 0.002232
6.20 0.002235
6.21 0.002237
6.22 0.00224
6.23 0.002243
6.24 0.002246
6.25 0.002249
6.26 0.002252
6.27 0.002255
6.28 0.002258
6.29 0.002262
6.30 0.002265
6.31 0.002269
6.32 0.002272
6.33 0.002276
6.34 0.002279
6.35 0.002283
6.36 0.002287
6.37 0.002291
6.38 0.002294
6.39 0.002297
6.40 0.002301
6.41 0.002304
6.42 0.002308
6.43 0.002312
6.44 0.002315
6.45 0.002319
6.46 0.002322
6.47 0.002324
6.48 0.002327
6.49 0.00233
6.50 0.002332
6.51 0.002334
6.52 0.002336
6.53 0.002339
6.54 0.002341
6.55 0.002342
6.56 0.002343
6.57 0.002344
6.58 0.002345
6.59 0.002345
6.60 0.002345
6.61 0.002344
6.62 0.002343
6.63 0.002343
6.64 0.002341
6.65 0.00234
6.66 0.002338
6.67 0.002336
6.68 0.002333
6.69 0.002331
6.70 0.002327
6.71 0.002323
6.72 0.002319
6.73 0.002315
6.74 0.00231
6.75 0.002306
6.76 0.002301
6.77 0.002296
6.78 0.00229
6.79 0.002283
6.80 0.002277
6.81 0.002271
6.82 0.002265
6.83 0.002258
6.84 0.002251
6.85 0.002243
6.86 0.002236
6.87 0.00223
6.88 0.002222
6.89 0.002214
6.90 0.002206
6.91 0.002199
6.92 0.002192
6.93 0.002184
6.94 0.002175
6.95 0.002168
6.96 0.00216
6.97 0.002153
6.98 0.002145
6.99 0.002137
7.00 0.00213
7.01 0.002123
7.02 0.002115
7.03 0.002108
7.04 0.002101
7.05 0.002094
7.06 0.002087
7.07 0.00208
7.08 0.002074
7.09 0.002067
7.10 0.002061
7.11 0.002055
7.12 0.00205
7.13 0.002044
7.14 0.002038
7.15 0.002033
7.16 0.002027
7.17 0.002022
7.18 0.002018
7.19 0.002013
7.20 0.002009
7.21 0.002005
7.22 0.002001
7.23 0.001997
7.24 0.001993
7.25 0.001989
7.26 0.001987
7.27 0.001984
7.28 0.001981
7.29 0.001978
7.30 0.001976
7.31 0.001974
7.32 0.001971
7.33 0.001969
7.34 0.001967
7.35 0.001966
7.36 0.001965
7.37 0.001964
7.38 0.001963
7.39 0.001962
7.40 0.001962
7.41 0.001962
7.42 0.001962
7.43 0.001962
7.44 0.001962
7.45 0.001962
7.46 0.001963
7.47 0.001964
7.48 0.001965
7.49 0.001967
7.50 0.001968
7.51 0.001969
7.52 0.001971
7.53 0.001972
7.54 0.001975
7.55 0.001977
7.56 0.00198
7.57 0.001982
7.58 0.001985
7.59 0.001988
7.60 0.001991
7.61 0.001995
7.62 0.001998
7.63 0.002001
7.64 0.002004
7.65 0.002009
7.66 0.002013
7.67 0.002017
7.68 0.002021
7.69 0.002025
7.70 0.00203
7.71 0.002036
7.72 0.002041
7.73 0.002046
7.74 0.002051
7.75 0.002056
7.76 0.002062
7.77 0.002067
7.78 0.002074
7.79 0.00208
7.80 0.002087
7.81 0.002094
7.82 0.0021
7.83 0.002107
7.84 0.002114
7.85 0.002121
7.86 0.002128
7.87 0.002135
7.88 0.002142
7.89 0.00215
7.90 0.002158
7.91 0.002166
7.92 0.002174
7.93 0.002182
7.94 0.00219
7.95 0.002199
7.96 0.002208
7.97 0.002217
7.98 0.002226
7.99 0.002235
8.00 0.002244
8.01 0.002253
8.02 0.002263
8.03 0.002273
8.04 0.002283
8.05 0.002293
8.06 0.002303
8.07 0.002314
8.08 0.002324
8.09 0.002334
8.10 0.002345
8.11 0.002355
8.12 0.002366
8.13 0.002377
8.14 0.002389
8.15 0.0024
8.16 0.002412
8.17 0.002423
8.18 0.002435
8.19 0.002448
8.20 0.00246
8.21 0.002473
8.22 0.002485
8.23 0.002498
8.24 0.002511
8.25 0.002524
8.26 0.002537
8.27 0.002551
8.28 0.002563
8.29 0.002576
8.30 0.002589
8.31 0.002604
8.32 0.002619
8.33 0.002633
8.34 0.002647
8.35 0.002661
8.36 0.002676
8.37 0.002691
8.38 0.002706
8.39 0.00272
8.40 0.002735
8.41 0.00275
8.42 0.002766
8.43 0.002782
8.44 0.002798
8.45 0.002813
8.46 0.002829
8.47 0.002844
8.48 0.00286
8.49 0.002877
8.50 0.002894
8.51 0.002911
8.52 0.002928
8.53 0.002944
8.54 0.002961
8.55 0.002979
8.56 0.002996
8.57 0.003014
8.58 0.003032
8.59 0.00305
8.60 0.003068
8.61 0.003086
8.62 0.003104
8.63 0.003122
8.64 0.003141
8.65 0.00316
8.66 0.003179
8.67 0.003198
8.68 0.003216
8.69 0.003235
8.70 0.003255
8.71 0.003275
8.72 0.003295
8.73 0.003314
8.74 0.003334
8.75 0.003354
8.76 0.003374
8.77 0.003394
8.78 0.003414
8.79 0.003434
8.80 0.003455
8.81 0.003476
8.82 0.003496
8.83 0.003517
8.84 0.003539
8.85 0.00356
8.86 0.003582
8.87 0.003604
8.88 0.003626
8.89 0.003648
8.90 0.003669
8.91 0.003691
8.92 0.003713
8.93 0.003735
8.94 0.003758
8.95 0.003781
8.96 0.003803
8.97 0.003826
8.98 0.003848
8.99 0.003871
9.00 0.003893
9.01 0.003916
9.02 0.003939
9.03 0.003963
9.04 0.003986
9.05 0.004009
9.06 0.004033
9.07 0.004057
9.08 0.004081
9.09 0.004105
9.10 0.00413
9.11 0.004154
9.12 0.004179
9.13 0.004203
9.14 0.004226
9.15 0.00425
9.16 0.004275
9.17 0.0043
9.18 0.004324
9.19 0.004349
9.20 0.004374
9.21 0.004399
9.22 0.004424
9.23 0.004448
9.24 0.004473
9.25 0.004498
9.26 0.004523
9.27 0.004549
9.28 0.004574
9.29 0.0046
9.30 0.004626
9.31 0.004651
9.32 0.004677
9.33 0.004703
9.34 0.004729
9.35 0.004755
9.36 0.004781
9.37 0.004808
9.38 0.004834
9.39 0.00486
9.40 0.004886
9.41 0.004911
9.42 0.004937
9.43 0.004963
9.44 0.004989
9.45 0.005015
9.46 0.005041
9.47 0.005067
9.48 0.005094
9.49 0.005121
9.50 0.005148
9.51 0.005175
9.52 0.005202
9.53 0.005227
9.54 0.005253
9.55 0.005279
9.56 0.005305
9.57 0.005331
9.58 0.005357
9.59 0.005384
9.60 0.005411
9.61 0.005438
9.62 0.005465
9.63 0.005492
9.64 0.005518
9.65 0.005545
9.66 0.005571
9.67 0.005597
9.68 0.005623
9.69 0.005649
9.70 0.005675
9.71 0.005701
9.72 0.005727
9.73 0.005754
9.74 0.00578
9.75 0.005806
9.76 0.005832
9.77 0.005859
9.78 0.005885
9.79 0.005912
9.80 0.005938
9.81 0.005963
9.82 0.005988
9.83 0.006013
9.84 0.006039
9.85 0.006065
9.86 0.006091
9.87 0.006117
9.88 0.006143
9.89 0.006168
9.90 0.006193
9.91 0.006218
9.92 0.006243
9.93 0.006268
9.94 0.006293
9.95 0.006318
9.96 0.006342
9.97 0.006368
9.98 0.006393
9.99 0.006419
10.00 0.006446
10.01 0.006472
10.02 0.006496
10.03 0.006519
10.04 0.006541
10.05 0.006562
10.06 0.006582
10.07 0.006602
10.08 0.006623
10.09 0.006647
10.10 0.006674
10.11 0.006703
10.12 0.006731
10.13 0.006757
10.14 0.00678
10.15 0.0068
10.16 0.006819
10.17 0.006838
10.18 0.006856
10.19 0.006877
10.20 0.0069
10.21 0.006925
10.22 0.006953
10.23 0.006981
10.24 0.007005
10.25 0.007026
10.26 0.007045
10.27 0.007063
10.28 0.007081
10.29 0.0071
10.30 0.007119
10.31 0.007139
10.32 0.007159
10.33 0.007178
10.34 0.007197
10.35 0.007216
10.36 0.007233
10.37 0.00725
10.38 0.007268
10.39 0.007288
10.40 0.00731
10.41 0.007334
10.42 0.007358
10.43 0.007379
10.44 0.007397
10.45 0.007414
10.46 0.007429
10.47 0.007445
10.48 0.007461
10.49 0.007478
10.50 0.007494
10.51 0.007511
10.52 0.007527
10.53 0.007542
10.54 0.007557
10.55 0.007572
10.56 0.007587
10.57 0.007602
10.58 0.007617
10.59 0.007631
10.60 0.007646
10.61 0.00766
10.62 0.007673
10.63 0.007687
10.64 0.0077
10.65 0.007714
10.66 0.007727
10.67 0.00774
10.68 0.007753
10.69 0.007765
10.70 0.007777
10.71 0.007788
10.72 0.007799
10.73 0.00781
10.74 0.007822
10.75 0.007836
10.76 0.00785
10.77 0.007864
10.78 0.007876
10.79 0.007886
10.80 0.007895
10.81 0.007903
10.82 0.007911
10.83 0.00792
10.84 0.007929
10.85 0.007937
10.86 0.007945
10.87 0.007953
10.88 0.00796
10.89 0.007967
10.90 0.007973
10.91 0.00798
10.92 0.007985
10.93 0.007991
10.94 0.007996
10.95 0.008002
10.96 0.008008
10.97 0.008012
10.98 0.008016
10.99 0.008019
11.00 0.008022
11.01 0.008024
11.02 0.008027
11.03 0.00803
11.04 0.008032
11.05 0.008035
11.06 0.008037
11.07 0.008039
11.08 0.008041
11.09 0.008042
11.10 0.008043
11.11 0.008043
11.12 0.008043
11.13 0.008043
11.14 0.008042
11.15 0.008041
11.16 0.00804
11.17 0.008039
11.18 0.008037
11.19 0.008035
11.20 0.008032
11.21 0.008029
11.22 0.008026
11.23 0.008022
11.24 0.008018
11.25 0.008014
11.26 0.008009
11.27 0.008004
11.28 0.007999
11.29 0.007992
11.30 0.007986
11.31 0.00798
11.32 0.007973
11.33 0.007966
11.34 0.007958
11.35 0.00795
11.36 0.007941
11.37 0.007932
11.38 0.007923
11.39 0.007914
11.40 0.007904
11.41 0.007894
11.42 0.007883
11.43 0.007872
11.44 0.00786
11.45 0.007848
11.46 0.007836
11.47 0.007826
11.48 0.007816
11.49 0.007806
11.50 0.007795
11.51 0.007783
11.52 0.00777
11.53 0.007756
11.54 0.00774
11.55 0.007724
11.56 0.007708
11.57 0.007692
11.58 0.007676
11.59 0.007659
11.60 0.007642
11.61 0.007624
11.62 0.007606
11.63 0.007587
11.64 0.007568
11.65 0.007549
11.66 0.00753
11.67 0.00751
11.68 0.00749
11.69 0.007469
11.70 0.007448
11.71 0.007426
11.72 0.007403
11.73 0.00738
11.74 0.007357
11.75 0.007336
11.76 0.007317
11.77 0.007297
11.78 0.007279
11.79 0.00726
11.80 0.00724
11.81 0.007217
11.82 0.007191
11.83 0.007165
11.84 0.007138
11.85 0.007111
11.86 0.007084
11.87 0.007057
11.88 0.00703
11.89 0.007002
11.90 0.006974
11.91 0.006945
11.92 0.006915
11.93 0.006885
11.94 0.006856
11.95 0.006826
11.96 0.006796
11.97 0.006767
11.98 0.006738
11.99 0.006709
12.00 0.006681
12.01 0.006652
12.02 0.006624
12.03 0.006597
12.04 0.00657
12.05 0.006543
12.06 0.006517
12.07 0.006491
12.08 0.006466
12.09 0.00644
12.10 0.006415
12.11 0.006391
12.12 0.006366
12.13 0.006342
12.14 0.006317
12.15 0.006294
12.16 0.00627
12.17 0.006247
12.18 0.006225
12.19 0.006202
12.20 0.00618
12.21 0.006158
12.22 0.006136
12.23 0.006115
12.24 0.006094
12.25 0.006073
12.26 0.006052
12.27 0.006032
12.28 0.006011
12.29 0.005991
12.30 0.005972
12.31 0.005952
12.32 0.005932
12.33 0.005913
12.34 0.005894
12.35 0.005875
12.36 0.005857
12.37 0.005838
12.38 0.00582
12.39 0.005802
12.40 0.005785
12.41 0.005767
12.42 0.00575
12.43 0.005733
12.44 0.005716
12.45 0.005699
12.46 0.005683
12.47 0.005666
12.48 0.00565
12.49 0.005634
12.50 0.005618
12.51 0.005602
12.52 0.005587
12.53 0.005572
12.54 0.005556
12.55 0.005541
12.56 0.005526
12.57 0.005511
12.58 0.005496
12.59 0.005481
12.60 0.005467
12.61 0.005453
12.62 0.005439
12.63 0.005425
12.64 0.005411
12.65 0.005398
12.66 0.005384
12.67 0.005371
12.68 0.005357
12.69 0.005344
12.70 0.005331
12.71 0.005318
12.72 0.005306
12.73 0.005293
12.74 0.00528
12.75 0.005268
12.76 0.005256
12.77 0.005243
12.78 0.005231
12.79 0.005219
12.80 0.005207
12.81 0.005195
12.82 0.005184
12.83 0.005172
12.84 0.005161
12.85 0.005149
12.86 0.005138
12.87 0.005126
12.88 0.005115
12.89 0.005104
12.90 0.005093
12.91 0.005082
12.92 0.005071
12.93 0.005061
12.94 0.00505
12.95 0.005039
12.96 0.005028
12.97 0.005018
12.98 0.005007
12.99 0.004997
13.00 0.004987
13.01 0.004977
13.02 0.004967
13.03 0.004956
13.04 0.004946
13.05 0.004936
13.06 0.004926
13.07 0.004916
13.08 0.004906
13.09 0.004896
13.10 0.004887
13.11 0.004877
13.12 0.004867
13.13 0.004858
13.14 0.004848
13.15 0.004839
13.16 0.004829
13.17 0.00482
13.18 0.00481
13.19 0.004801
13.20 0.004792
13.21 0.004782
13.22 0.004773
13.23 0.004764
13.24 0.004755
13.25 0.004746
13.26 0.004737
13.27 0.004728
13.28 0.004719
13.29 0.004709
13.30 0.0047
13.31 0.004691
13.32 0.004683
13.33 0.004674
13.34 0.004665
13.35 0.004656
13.36 0.004647
13.37 0.004638
13.38 0.004629
13.39 0.00462
13.40 0.004611
13.41 0.004602
13.42 0.004593
13.43 0.004584
13.44 0.004575
13.45 0.004566
13.46 0.004558
13.47 0.004549
13.48 0.00454
13.49 0.004531
13.50 0.004522
13.51 0.004513
13.52 0.004504
13.53 0.004496
13.54 0.004487
13.55 0.004478
13.56 0.004469
13.57 0.00446
13.58 0.004451
13.59 0.004443
13.60 0.004434
13.61 0.004425
13.62 0.004416
13.63 0.004407
13.64 0.004398
13.65 0.004388
13.66 0.004379
13.67 0.00437
13.68 0.004361
13.69 0.004352
13.70 0.004343
13.71 0.004334
13.72 0.004325
13.73 0.004316
13.74 0.004307
13.75 0.004297
13.76 0.004288
13.77 0.004279
13.78 0.004269
13.79 0.00426
13.80 0.004251
13.81 0.004241
13.82 0.004232
13.83 0.004223
13.84 0.004213
13.85 0.004204
13.86 0.004194
13.87 0.004184
13.88 0.004174
13.89 0.004165
13.90 0.004155
13.91 0.004145
13.92 0.004136
13.93 0.004126
13.94 0.004116
13.95 0.004105
13.96 0.004095
13.97 0.004085
13.98 0.004075
13.99 0.004065
14.00 0.004055
14.01 0.004045
14.02 0.004035
14.03 0.004025
14.04 0.004014
14.05 0.004004
14.06 0.003994
14.07 0.003983
14.08 0.003973
14.09 0.003962
14.10 0.003952
14.11 0.003941
14.12 0.00393
14.13 0.003919
14.14 0.003909
14.15 0.003898
14.16 0.003887
14.17 0.003876
14.18 0.003865
14.19 0.003854
14.20 0.003843
14.21 0.003832
14.22 0.00382
14.23 0.003809
14.24 0.003798
14.25 0.003786
14.26 0.003775
14.27 0.003763
14.28 0.003752
14.29 0.00374
14.30 0.003729
14.31 0.003717
14.32 0.003705
14.33 0.003693
14.34 0.003681
14.35 0.003669
14.36 0.003657
14.37 0.003645
14.38 0.003633
14.39 0.003621
14.40 0.003609
14.41 0.003596
14.42 0.003584
14.43 0.003572
14.44 0.003559
14.45 0.003546
14.46 0.003534
14.47 0.003521
14.48 0.003508
14.49 0.003496
14.50 0.003483
14.51 0.00347
14.52 0.003457
14.53 0.003444
14.54 0.003431
14.55 0.003418
14.56 0.003405
14.57 0.003391
14.58 0.003378
14.59 0.003365
14.60 0.003351
14.61 0.003338
14.62 0.003324
14.63 0.003311
14.64 0.003297
14.65 0.003283
14.66 0.003269
14.67 0.003256
14.68 0.003242
14.69 0.003228
14.70 0.003214
14.71 0.0032
14.72 0.003185
14.73 0.003171
14.74 0.003157
14.75 0.003143
14.76 0.003129
14.77 0.003114
14.78 0.0031
14.79 0.003085
14.80 0.003071
14.81 0.003056
14.82 0.003042
14.83 0.003027
14.84 0.003012
14.85 0.002998
14.86 0.002983
14.87 0.002968
14.88 0.002953
14.89 0.002938
14.90 0.002923
14.91 0.002909
14.92 0.002893
14.93 0.002878
14.94 0.002863
14.95 0.002848
14.96 0.002832
14.97 0.002817
14.98 0.002802
14.99 0.002786
15.00 0.002771
15.01 0.002756
15.02 0.00274
15.03 0.002725
15.04 0.002709
15.05 0.002694
15.06 0.002678
15.07 0.002663
15.08 0.002647
15.09 0.002632
15.10 0.002616
15.11 0.0026
15.12 0.002584
15.13 0.002568
15.14 0.002552
15.15 0.002536
15.16 0.002521
15.17 0.002505
15.18 0.002489
15.19 0.002473
15.20 0.002457
15.21 0.002442
15.22 0.002426
15.23 0.00241
15.24 0.002394
15.25 0.002378
15.26 0.002361
15.27 0.002345
15.28 0.002329
15.29 0.002313
15.30 0.002297
15.31 0.002281
15.32 0.002265
15.33 0.002249
15.34 0.002233
15.35 0.002216
15.36 0.0022
15.37 0.002184
15.38 0.002168
15.39 0.002152
15.40 0.002136
15.41 0.00212
15.42 0.002104
15.43 0.002087
15.44 0.002071
15.45 0.002055
15.46 0.002039
15.47 0.002024
15.48 0.002008
15.49 0.001991
15.50 0.001975
15.51 0.001959
15.52 0.001943
15.53 0.001927
15.54 0.001911
15.55 0.001895
15.56 0.001879
15.57 0.001863
15.58 0.001847
15.59 0.001831
15.60 0.001815
15.61 0.0018
15.62 0.001784
15.63 0.001768
15.64 0.001752
15.65 0.001737
15.66 0.001721
15.67 0.001706
15.68 0.001691
15.69 0.001676
15.70 0.00166
15.71 0.001645
15.72 0.00163
15.73 0.001615
15.74 0.001601
15.75 0.001586
15.76 0.001571
15.77 0.001557
15.78 0.001542
15.79 0.001528
15.80 0.001514
15.81 0.0015
15.82 0.001486
15.83 0.001472
15.84 0.001458
15.85 0.001445
15.86 0.001431
15.87 0.001418
15.88 0.001405
15.89 0.001392
15.90 0.00138
15.91 0.001366
15.92 0.001354
15.93 0.001342
15.94 0.001329
15.95 0.001317
15.96 0.001306
15.97 0.001294
15.98 0.001282
15.99 0.00127
16.00 0.001258
16.01 0.001248
16.02 0.001237
16.03 0.001225
16.04 0.001215
16.05 0.001204
16.06 0.001194
16.07 0.001183
16.08 0.001173
16.09 0.001163
16.10 0.001153
16.11 0.001143
16.12 0.001133
16.13 0.001124
16.14 0.001115
16.15 0.001105
16.16 0.001097
16.17 0.001088
16.18 0.00108
16.19 0.001071
16.20 0.001063
16.21 0.001055
16.22 0.001046
16.23 0.001038
16.24 0.001031
16.25 0.001023
16.26 0.001015
16.27 0.001008
16.28 0.001001
16.29 0.0009945
16.30 0.0009877
16.31 0.000981
16.32 0.0009745
16.33 0.0009681
16.34 0.0009619
16.35 0.0009559
16.36 0.00095
16.37 0.0009443
16.38 0.0009388
16.39 0.0009334
16.40 0.0009281
16.41 0.0009231
16.42 0.0009182
16.43 0.0009133
16.44 0.0009087
16.45 0.0009042
16.46 0.0008999
16.47 0.0008957
16.48 0.0008916
16.49 0.0008878
16.50 0.000884
16.51 0.0008803
16.52 0.0008769
16.53 0.0008736
16.54 0.0008704
16.55 0.0008674
16.56 0.0008645
16.57 0.0008618
16.58 0.0008592
16.59 0.0008568
16.60 0.0008546
16.61 0.0008524
16.62 0.0008505
16.63 0.0008487
16.64 0.000847
16.65 0.0008455
16.66 0.0008442
16.67 0.0008429
16.68 0.0008419
16.69 0.0008409
16.70 0.0008401
16.71 0.0008394
16.72 0.0008389
16.73 0.0008384
16.74 0.0008381
16.75 0.0008379
16.76 0.0008378
16.77 0.0008379
16.78 0.000838
16.79 0.0008382
16.80 0.0008385
16.81 0.0008389
16.82 0.0008394
16.83 0.00084
16.84 0.0008406
16.85 0.0008414
16.86 0.0008422
16.87 0.0008431
16.88 0.000844
16.89 0.000845
16.90 0.0008461
16.91 0.0008472
16.92 0.0008484
16.93 0.0008496
16.94 0.0008509
16.95 0.0008522
16.96 0.0008536
16.97 0.000855
16.98 0.0008564
16.99 0.0008579
17.00 0.0008594
17.01 0.0008609
17.02 0.0008625
17.03 0.000864
17.04 0.0008656
17.05 0.0008672
17.06 0.0008689
17.07 0.0008704
17.08 0.000872
17.09 0.0008736
17.10 0.0008752
17.11 0.0008767
17.12 0.0008783
17.13 0.0008799
17.14 0.0008814
17.15 0.0008828
17.16 0.0008843
17.17 0.0008857
17.18 0.0008871
17.19 0.0008885
17.20 0.0008897
17.21 0.0008909
17.22 0.0008921
17.23 0.0008933
17.24 0.0008944
17.25 0.0008953
17.26 0.0008962
17.27 0.0008971
17.28 0.0008978
17.29 0.0008986
17.30 0.0008992
17.31 0.0008997
17.32 0.0009001
17.33 0.0009004
17.34 0.0009006
17.35 0.0009007
17.36 0.0009007
17.37 0.0009006
17.38 0.0009003
17.39 0.0009
17.40 0.0008995
17.41 0.0008989
17.42 0.0008981
17.43 0.0008972
17.44 0.0008962
17.45 0.000895
17.46 0.0008937
17.47 0.0008923
17.48 0.0008907
17.49 0.000889
17.50 0.0008872
17.51 0.0008852
17.52 0.0008832
17.53 0.0008811
17.54 0.0008788
17.55 0.0008765
17.56 0.000874
17.57 0.0008715
17.58 0.000869
17.59 0.0008662
17.60 0.0008635
17.61 0.0008607
17.62 0.0008578
17.63 0.0008549
17.64 0.0008519
17.65 0.0008489
17.66 0.0008458
17.67 0.0008427
17.68 0.0008395
17.69 0.0008363
17.70 0.0008331
17.71 0.0008298
17.72 0.0008266
17.73 0.0008233
17.74 0.00082
17.75 0.0008167
17.76 0.0008134
17.77 0.0008101
17.78 0.0008068
17.79 0.0008035
17.80 0.0008002
17.81 0.0007969
17.82 0.0007937
17.83 0.0007905
17.84 0.0007873
17.85 0.0007841
17.86 0.0007809
17.87 0.0007779
17.88 0.0007748
17.89 0.0007718
17.90 0.0007689
17.91 0.0007659
17.92 0.0007631
17.93 0.0007603
17.94 0.0007575
17.95 0.0007548
17.96 0.0007522
17.97 0.0007496
17.98 0.0007471
17.99 0.0007447
18.00 0.0007423
18.01 0.00074
18.02 0.0007378
18.03 0.0007356
18.04 0.0007336
18.05 0.0007316
18.06 0.0007296
18.07 0.0007278
18.08 0.0007261
18.09 0.0007245
18.10 0.000723
18.11 0.0007215
18.12 0.0007202
18.13 0.000719
18.14 0.0007179
18.15 0.0007169
18.16 0.000716
18.17 0.0007151
18.18 0.0007144
18.19 0.0007138
18.20 0.0007132
18.21 0.0007127
18.22 0.0007124
18.23 0.0007121
18.24 0.0007118
18.25 0.0007117
18.26 0.0007116
18.27 0.0007116
18.28 0.0007116
18.29 0.0007117
18.30 0.0007119
18.31 0.0007121
18.32 0.0007124
18.33 0.0007128
18.34 0.0007132
18.35 0.0007137
18.36 0.0007142
18.37 0.0007147
18.38 0.0007153
18.39 0.000716
18.40 0.0007166
18.41 0.0007173
18.42 0.0007181
18.43 0.0007188
18.44 0.0007196
18.45 0.0007205
18.46 0.0007213
18.47 0.0007222
18.48 0.0007231
18.49 0.000724
18.50 0.0007249
18.51 0.0007259
18.52 0.0007268
18.53 0.0007278
18.54 0.0007288
18.55 0.0007297
18.56 0.0007306
18.57 0.0007316
18.58 0.0007326
18.59 0.0007335
18.60 0.0007345
18.61 0.0007355
18.62 0.0007364
18.63 0.0007373
18.64 0.0007382
18.65 0.000739
18.66 0.0007398
18.67 0.0007406
18.68 0.0007414
18.69 0.0007421
18.70 0.0007428
18.71 0.0007434
18.72 0.0007439
18.73 0.0007445
18.74 0.0007449
18.75 0.0007453
18.76 0.0007455
18.77 0.0007457
18.78 0.0007458
18.79 0.0007459
18.80 0.0007458
18.81 0.0007456
18.82 0.0007453
18.83 0.000745
18.84 0.0007445
18.85 0.0007439
18.86 0.0007432
18.87 0.0007423
18.88 0.0007413
18.89 0.0007402
18.90 0.000739
18.91 0.0007376
18.92 0.000736
18.93 0.0007344
18.94 0.0007325
18.95 0.0007305
18.96 0.0007283
18.97 0.000726
18.98 0.0007235
18.99 0.0007209
19.00 0.0007181
19.01 0.0007151
19.02 0.000712
19.03 0.0007086
19.04 0.0007051
19.05 0.0007014
19.06 0.0006975
19.07 0.0006935
19.08 0.0006892
19.09 0.0006848
19.10 0.0006802
19.11 0.0006754
19.12 0.0006705
19.13 0.0006654
19.14 0.0006601
19.15 0.0006548
19.16 0.0006493
19.17 0.0006437
19.18 0.000638
19.19 0.0006323
19.20 0.0006264
19.21 0.0006205
19.22 0.0006146
19.23 0.0006086
19.24 0.0006027
19.25 0.0005967
19.26 0.0005907
19.27 0.0005848
19.28 0.0005789
19.29 0.0005732
19.30 0.0005674
19.31 0.0005617
19.32 0.0005561
19.33 0.0005505
19.34 0.000545
19.35 0.0005396
19.36 0.0005342
19.37 0.0005288
19.38 0.0005237
19.39 0.0005186
19.40 0.0005135
19.41 0.0005086
19.42 0.0005038
19.43 0.0004991
19.44 0.0004946
19.45 0.0004901
19.46 0.0004858
19.47 0.0004816
19.48 0.0004775
19.49 0.0004736
19.50 0.0004698
19.51 0.0004661
19.52 0.0004626
19.53 0.0004593
19.54 0.0004561
19.55 0.000453
19.56 0.0004502
19.57 0.0004474
19.58 0.0004449
19.59 0.0004426
19.60 0.0004404
19.61 0.0004383
19.62 0.0004364
19.63 0.0004347
19.64 0.0004332
19.65 0.0004318
19.66 0.0004305
19.67 0.0004294
19.68 0.0004284
19.69 0.0004275
19.70 0.0004268
19.71 0.0004262
19.72 0.0004257
19.73 0.0004253
19.74 0.0004251
19.75 0.0004249
19.76 0.0004248
19.77 0.0004248
19.78 0.0004249
19.79 0.0004251
19.80 0.0004254
19.81 0.0004258
19.82 0.0004262
19.83 0.0004268
19.84 0.0004273
19.85 0.000428
19.86 0.0004287
19.87 0.0004295
19.88 0.0004303
19.89 0.0004312
19.90 0.0004322
19.91 0.0004331
19.92 0.0004342
19.93 0.0004353
19.94 0.0004363
19.95 0.0004375
19.96 0.0004386
19.97 0.0004398
19.98 0.000441
19.99 0.0004422
20.00 0.0004434
20.01 0.0004446
20.02 0.0004459
20.03 0.0004471
20.04 0.0004483
20.05 0.0004496
20.06 0.0004508
20.07 0.0004521
20.08 0.0004533
20.09 0.0004545
20.10 0.0004556
20.11 0.0004568
20.12 0.0004578
20.13 0.0004588
20.14 0.0004598
20.15 0.0004607
20.16 0.0004615
20.17 0.0004623
20.18 0.000463
20.19 0.0004637
20.20 0.0004643
20.21 0.0004649
20.22 0.0004654
20.23 0.000466
20.24 0.0004664
20.25 0.0004668
20.26 0.0004671
20.27 0.0004674
20.28 0.0004677
20.29 0.000468
20.30 0.0004683
20.31 0.0004686
20.32 0.0004687
20.33 0.0004689
20.34 0.0004691
20.35 0.0004692
20.36 0.0004694
20.37 0.0004695
20.38 0.0004696
20.39 0.0004697
20.40 0.0004699
20.41 0.00047
20.42 0.0004701
20.43 0.0004702
20.44 0.0004704
20.45 0.0004705
20.46 0.0004707
20.47 0.0004709
20.48 0.0004711
20.49 0.0004713
20.50 0.0004716
20.51 0.0004719
20.52 0.0004722
20.53 0.0004725
20.54 0.0004729
20.55 0.0004733
20.56 0.0004738
20.57 0.0004743
20.58 0.0004749
20.59 0.0004755
20.60 0.0004761
20.61 0.0004768
20.62 0.0004776
20.63 0.0004784
20.64 0.0004793
20.65 0.0004803
20.66 0.0004813
20.67 0.0004824
20.68 0.0004836
20.69 0.0004848
20.70 0.0004862
20.71 0.0004876
20.72 0.0004891
20.73 0.0004907
20.74 0.0004924
20.75 0.0004942
20.76 0.0004961
20.77 0.0004981
20.78 0.0005002
20.79 0.0005024
20.80 0.0005048
20.81 0.0005073
20.82 0.0005099
20.83 0.0005126
20.84 0.0005155
20.85 0.0005185
20.86 0.0005217
20.87 0.0005249
20.88 0.0005283
20.89 0.0005318
20.90 0.0005354
20.91 0.000539
20.92 0.0005428
20.93 0.0005465
20.94 0.0005504
20.95 0.0005543
20.96 0.0005582
20.97 0.0005621
20.98 0.0005661
20.99 0.00057
21.00 0.000574
21.01 0.0005779
21.02 0.0005817
21.03 0.0005855
21.04 0.0005893
21.05 0.000593
21.06 0.0005965
21.07 0.0006
21.08 0.0006033
21.09 0.0006065
21.10 0.0006096
21.11 0.0006125
21.12 0.0006152
21.13 0.0006176
21.14 0.0006199
21.15 0.000622
21.16 0.0006238
21.17 0.0006253
21.18 0.0006266
21.19 0.0006276
21.20 0.0006282
21.21 0.0006286
21.22 0.0006286
21.23 0.0006283
21.24 0.0006277
21.25 0.0006266
21.26 0.0006252
21.27 0.0006234
21.28 0.0006212
21.29 0.0006186
21.30 0.0006156
21.31 0.0006121
21.32 0.0006082
21.33 0.0006039
21.34 0.0005992
21.35 0.0005941
21.36 0.0005885
21.37 0.0005826
21.38 0.0005764
21.39 0.0005698
21.40 0.000563
21.41 0.0005559
21.42 0.0005484
21.43 0.0005408
21.44 0.0005331
21.45 0.0005251
21.46 0.0005169
21.47 0.0005087
21.48 0.0005003
21.49 0.0004918
21.50 0.0004832
21.51 0.0004746
21.52 0.0004659
21.53 0.0004572
21.54 0.0004484
21.55 0.0004398
21.56 0.0004311
21.57 0.0004224
21.58 0.0004138
21.59 0.0004053
21.60 0.0003968
21.61 0.0003885
21.62 0.0003802
21.63 0.000372
21.64 0.0003638
21.65 0.0003559
21.66 0.0003481
21.67 0.0003404
21.68 0.0003327
21.69 0.0003253
21.70 0.000318
21.71 0.0003109
21.72 0.0003039
21.73 0.0002971
21.74 0.0002904
21.75 0.0002839
21.76 0.0002775
21.77 0.0002713
21.78 0.0002653
21.79 0.0002594
21.80 0.0002536
21.81 0.0002481
21.82 0.0002428
21.83 0.0002375
21.84 0.0002324
21.85 0.0002275
21.86 0.0002228
21.87 0.0002182
21.88 0.0002138
21.89 0.0002095
21.90 0.0002054
21.91 0.0002014
21.92 0.0001976
21.93 0.000194
21.94 0.0001904
21.95 0.000187
21.96 0.0001838
21.97 0.0001807
21.98 0.0001777
21.99 0.0001749
22.00 0.0001721
22.01 0.0001696
22.02 0.0001672
22.03 0.0001649
22.04 0.0001627
22.05 0.0001607
22.06 0.0001587
22.07 0.0001569
22.08 0.0001552
22.09 0.0001536
22.10 0.0001521
22.11 0.0001506
22.12 0.0001493
22.13 0.0001481
22.14 0.000147
22.15 0.0001459
22.16 0.000145
22.17 0.0001441
22.18 0.0001432
22.19 0.0001425
22.20 0.0001418
22.21 0.0001413
22.22 0.0001408
22.23 0.0001403
22.24 0.0001399
22.25 0.0001396
22.26 0.0001393
22.27 0.0001391
22.28 0.000139
22.29 0.000139
22.30 0.0001389
22.31 0.000139
22.32 0.0001391
22.33 0.0001393
22.34 0.0001395
22.35 0.0001398
22.36 0.0001402
22.37 0.0001406
22.38 0.000141
22.39 0.0001415
22.40 0.0001421
22.41 0.0001428
22.42 0.0001434
22.43 0.0001442
22.44 0.000145
22.45 0.0001458
22.46 0.0001468
22.47 0.0001477
22.48 0.0001488
22.49 0.0001499
22.50 0.000151
22.51 0.0001522
22.52 0.0001535
22.53 0.0001548
22.54 0.0001562
22.55 0.0001576
22.56 0.0001592
22.57 0.0001607
22.58 0.0001623
22.59 0.000164
22.60 0.0001658
22.61 0.0001676
22.62 0.0001695
22.63 0.0001714
22.64 0.0001734
22.65 0.0001756
22.66 0.0001777
22.67 0.0001799
22.68 0.0001822
22.69 0.0001846
22.70 0.0001871
22.71 0.0001895
22.72 0.0001922
22.73 0.0001948
22.74 0.0001975
22.75 0.0002003
22.76 0.0002032
22.77 0.0002062
22.78 0.0002092
22.79 0.0002124
22.80 0.0002156
22.81 0.0002189
22.82 0.0002223
22.83 0.0002258
22.84 0.0002294
22.85 0.000233
22.86 0.0002368
22.87 0.0002406
22.88 0.0002445
22.89 0.0002485
22.90 0.0002527
22.91 0.0002569
22.92 0.0002613
22.93 0.0002656
22.94 0.0002701
22.95 0.0002747
22.96 0.0002794
22.97 0.0002843
22.98 0.0002892
22.99 0.0002942
23.00 0.0002994
23.01 0.0003046
23.02 0.0003099
23.03 0.0003153
23.04 0.0003209
23.05 0.0003266
23.06 0.0003323
23.07 0.0003382
23.08 0.0003442
23.09 0.0003502
23.10 0.0003564
23.11 0.0003627
23.12 0.0003691
23.13 0.0003756
23.14 0.0003821
23.15 0.0003888
23.16 0.0003956
23.17 0.0004024
23.18 0.0004093
23.19 0.0004164
23.20 0.0004235
23.21 0.0004306
23.22 0.0004379
23.23 0.0004453
23.24 0.0004527
23.25 0.0004602
23.26 0.0004678
23.27 0.0004754
23.28 0.000483
23.29 0.0004908
23.30 0.0004985
23.31 0.0005064
23.32 0.0005142
23.33 0.000522
23.34 0.00053
23.35 0.0005379
23.36 0.0005458
23.37 0.0005537
23.38 0.0005616
23.39 0.0005696
23.40 0.0005774
23.41 0.0005853
23.42 0.0005932
23.43 0.0006009
23.44 0.0006086
23.45 0.0006163
23.46 0.0006239
23.47 0.0006314
23.48 0.0006388
23.49 0.0006462
23.50 0.0006534
23.51 0.0006605
23.52 0.0006674
23.53 0.0006742
23.54 0.0006809
23.55 0.0006874
23.56 0.0006937
23.57 0.0006999
23.58 0.0007058
23.59 0.0007115
23.60 0.0007171
23.61 0.0007224
23.62 0.0007274
23.63 0.0007323
23.64 0.000737
23.65 0.0007414
23.66 0.0007456
23.67 0.0007497
23.68 0.0007535
23.69 0.0007572
23.70 0.0007606
23.71 0.0007638
23.72 0.0007668
23.73 0.0007696
23.74 0.0007723
23.75 0.0007747
23.76 0.000777
23.77 0.0007791
23.78 0.000781
23.79 0.0007827
23.80 0.0007843
23.81 0.0007857
23.82 0.0007869
23.83 0.000788
23.84 0.0007889
23.85 0.0007897
23.86 0.0007904
23.87 0.0007909
23.88 0.0007913
23.89 0.0007916
23.90 0.0007918
23.91 0.0007919
23.92 0.0007918
23.93 0.0007917
23.94 0.0007914
23.95 0.000791
23.96 0.0007906
23.97 0.0007901
23.98 0.0007895
23.99 0.0007889
24.00 0.0007882
24.01 0.0007875
24.02 0.0007867
24.03 0.0007858
24.04 0.0007849
24.05 0.000784
24.06 0.0007831
24.07 0.0007822
24.08 0.0007811
24.09 0.0007802
24.10 0.0007792
24.11 0.0007782
24.12 0.0007772
24.13 0.0007762
24.14 0.0007753
24.15 0.0007744
24.16 0.0007735
24.17 0.0007726
24.18 0.0007718
24.19 0.000771
24.20 0.0007703
24.21 0.0007697
24.22 0.0007691
24.23 0.0007685
24.24 0.000768
24.25 0.0007677
24.26 0.0007674
24.27 0.0007671
24.28 0.000767
24.29 0.000767
24.30 0.0007671
24.31 0.0007673
24.32 0.0007676
24.33 0.000768
24.34 0.0007686
24.35 0.0007692
24.36 0.00077
24.37 0.000771
24.38 0.000772
24.39 0.0007732
24.40 0.0007746
24.41 0.0007761
24.42 0.0007777
24.43 0.0007794
24.44 0.0007813
24.45 0.0007832
24.46 0.0007853
24.47 0.0007875
24.48 0.0007899
24.49 0.0007923
24.50 0.0007948
24.51 0.0007975
24.52 0.0008002
24.53 0.0008031
24.54 0.0008061
24.55 0.0008092
24.56 0.0008124
24.57 0.0008156
24.58 0.000819
24.59 0.0008225
24.60 0.0008261
24.61 0.0008297
24.62 0.0008335
24.63 0.0008374
24.64 0.0008413
24.65 0.0008453
24.66 0.0008494
24.67 0.0008536
24.68 0.0008579
24.69 0.0008623
24.70 0.0008667
24.71 0.0008712
24.72 0.0008758
24.73 0.0008805
24.74 0.0008852
24.75 0.00089
24.76 0.0008949
24.77 0.0008998
24.78 0.0009048
24.79 0.0009098
24.80 0.0009149
24.81 0.0009201
24.82 0.0009253
24.83 0.0009305
24.84 0.0009358
24.85 0.0009412
24.86 0.0009466
24.87 0.000952
24.88 0.0009574
24.89 0.0009629
24.90 0.0009684
24.91 0.0009739
24.92 0.0009795
24.93 0.0009851
24.94 0.0009907
24.95 0.0009963
24.96 0.001002
24.97 0.001008
24.98 0.001013
24.99 0.001019
25.00 0.001024
25.01 0.00103
25.02 0.001036
25.03 0.001042
25.04 0.001047
25.05 0.001053
25.06 0.001058
25.07 0.001063
25.08 0.001069
25.09 0.001074
25.10 0.001079
25.11 0.001084
25.12 0.00109
25.13 0.001095
25.14 0.0011
25.15 0.001106
25.16 0.001111
25.17 0.001116
25.18 0.001121
25.19 0.001126
25.20 0.001131
25.21 0.001136
25.22 0.001141
25.23 0.001146
25.24 0.001151
25.25 0.001156
25.26 0.001161
25.27 0.001166
25.28 0.001171
25.29 0.001176
25.30 0.00118
25.31 0.001185
25.32 0.00119
25.33 0.001194
25.34 0.001199
25.35 0.001204
25.36 0.001209
25.37 0.001213
25.38 0.001218
25.39 0.001223
25.40 0.001228
25.41 0.001232
25.42 0.001237
25.43 0.001241
25.44 0.001246
25.45 0.00125
25.46 0.001255
25.47 0.001259
25.48 0.001264
25.49 0.001269
25.50 0.001274
25.51 0.001278
25.52 0.001283
25.53 0.001288
25.54 0.001292
25.55 0.001297
25.56 0.001301
25.57 0.001306
25.58 0.00131
25.59 0.001315
25.60 0.001319
25.61 0.001325
25.62 0.001329
25.63 0.001334
25.64 0.001339
25.65 0.001344
25.66 0.001348
25.67 0.001353
25.68 0.001358
25.69 0.001363
25.70 0.001367
25.71 0.001372
25.72 0.001377
25.73 0.001383
25.74 0.001388
25.75 0.001393
25.76 0.001398
25.77 0.001403
25.78 0.001408
25.79 0.001413
25.80 0.001418
25.81 0.001424
25.82 0.001429
25.83 0.001434
25.84 0.001439
25.85 0.001445
25.86 0.00145
25.87 0.001456
25.88 0.001461
25.89 0.001466
25.90 0.001472
25.91 0.001478
25.92 0.001483
25.93 0.001488
25.94 0.001494
25.95 0.001499
25.96 0.001505
25.97 0.001511
25.98 0.001516
25.99 0.001522
26.00 0.001528
26.01 0.001534
26.02 0.001539
26.03 0.001545
26.04 0.00155
26.05 0.001556
26.06 0.001562
26.07 0.001567
26.08 0.001573
26.09 0.001579
26.10 0.001585
26.11 0.001591
26.12 0.001597
26.13 0.001602
26.14 0.001608
26.15 0.001613
26.16 0.001619
26.17 0.001625
26.18 0.00163
26.19 0.001637
26.20 0.001643
26.21 0.001648
26.22 0.001654
26.23 0.001659
26.24 0.001665
26.25 0.001671
26.26 0.001676
26.27 0.001682
26.28 0.001687
26.29 0.001693
26.30 0.001699
26.31 0.001704
26.32 0.00171
26.33 0.001716
26.34 0.001721
26.35 0.001726
26.36 0.001732
26.37 0.001737
26.38 0.001742
26.39 0.001748
26.40 0.001753
26.41 0.001758
26.42 0.001764
26.43 0.001769
26.44 0.001775
26.45 0.00178
26.46 0.001785
26.47 0.00179
26.48 0.001795
26.49 0.0018
26.50 0.001805
26.51 0.00181
26.52 0.001815
26.53 0.00182
26.54 0.001825
26.55 0.00183
26.56 0.001835
26.57 0.00184
26.58 0.001845
26.59 0.00185
26.60 0.001855
26.61 0.001859
26.62 0.001864
26.63 0.001869
26.64 0.001873
26.65 0.001878
26.66 0.001882
26.67 0.001887
26.68 0.001892
26.69 0.001896
26.70 0.001902
26.71 0.001906
26.72 0.00191
26.73 0.001915
26.74 0.001919
26.75 0.001924
26.76 0.001928
26.77 0.001932
26.78 0.001937
26.79 0.001941
26.80 0.001945
26.81 0.001949
26.82 0.001954
26.83 0.001958
26.84 0.001963
26.85 0.001967
26.86 0.001971
26.87 0.001975
26.88 0.001979
26.89 0.001983
26.90 0.001988
26.91 0.001992
26.92 0.001996
26.93 0.002
26.94 0.002004
26.95 0.002007
26.96 0.002011
26.97 0.002015
26.98 0.002019
26.99 0.002024
27.00 0.002028
27.01 0.002032
27.02 0.002035
27.03 0.002039
27.04 0.002043
27.05 0.002047
27.06 0.002051
27.07 0.002054
27.08 0.002058
27.09 0.002062
27.10 0.002065
27.11 0.002069
27.12 0.002073
27.13 0.002077
27.14 0.002081
27.15 0.002084
27.16 0.002088
27.17 0.002091
27.18 0.002095
27.19 0.002099
27.20 0.002102
27.21 0.002106
27.22 0.002109
27.23 0.002113
27.24 0.002117
27.25 0.00212
27.26 0.002124
27.27 0.002128
27.28 0.002131
27.29 0.002135
27.30 0.002138
27.31 0.002142
27.32 0.002145
27.33 0.002148
27.34 0.002152
27.35 0.002155
27.36 0.002159
27.37 0.002162
27.38 0.002165
27.39 0.002169
27.40 0.002173
27.41 0.002177
27.42 0.00218
27.43 0.002184
27.44 0.002187
27.45 0.00219
27.46 0.002194
27.47 0.002197
27.48 0.0022
27.49 0.002204
27.50 0.002207
27.51 0.002211
27.52 0.002214
27.53 0.002218
27.54 0.002221
27.55 0.002225
27.56 0.002228
27.57 0.002232
27.58 0.002236
27.59 0.002239
27.60 0.002242
27.61 0.002246
27.62 0.002249
27.63 0.002253
27.64 0.002256
27.65 0.00226
27.66 0.002264
27.67 0.002267
27.68 0.002271
27.69 0.002274
27.70 0.002278
27.71 0.002281
27.72 0.002285
27.73 0.002288
27.74 0.002292
27.75 0.002295
27.76 0.002299
27.77 0.002303
27.78 0.002307
27.79 0.00231
27.80 0.002314
27.81 0.002317
27.82 0.002321
27.83 0.002325
27.84 0.002328
