# Transformed to the PS r-band from Zeljko and Juric's SDSS luminosity
# function (MrLF.MSandRGB_v1.0.dat), using Eddie Schlafly's
# pssdsstransformall routine in ps.py. For details, see Greg Green's
# sdss2ps.py. For more information on the original SDSS template
# library, see the header in MrLF.MSandRGB_v1.0.dat.
# 
#  Mr        LF
# (AB) (stars/pc^3/mag)
-1.00 3.509e-05
-0.99 3.535e-05
-0.98 3.563e-05
-0.97 3.59e-05
-0.96 3.617e-05
-0.95 3.645e-05
-0.94 3.673e-05
-0.93 3.701e-05
-0.92 3.729e-05
-0.91 3.758e-05
-0.90 3.786e-05
-0.89 3.815e-05
-0.88 3.844e-05
-0.87 3.874e-05
-0.86 3.903e-05
-0.85 3.933e-05
-0.84 3.963e-05
-0.83 3.993e-05
-0.82 4.023e-05
-0.81 4.054e-05
-0.80 4.085e-05
-0.79 4.116e-05
-0.78 4.147e-05
-0.77 4.179e-05
-0.76 4.211e-05
-0.75 4.243e-05
-0.74 4.276e-05
-0.73 4.309e-05
-0.72 4.342e-05
-0.71 4.375e-05
-0.70 4.408e-05
-0.69 4.442e-05
-0.68 4.475e-05
-0.67 4.51e-05
-0.66 4.544e-05
-0.65 4.579e-05
-0.64 4.613e-05
-0.63 4.649e-05
-0.62 4.684e-05
-0.61 4.72e-05
-0.60 4.756e-05
-0.59 4.792e-05
-0.58 4.828e-05
-0.57 4.865e-05
-0.56 4.903e-05
-0.55 4.94e-05
-0.54 4.978e-05
-0.53 5.016e-05
-0.52 5.054e-05
-0.51 5.093e-05
-0.50 5.132e-05
-0.49 5.171e-05
-0.48 5.21e-05
-0.47 5.25e-05
-0.46 5.29e-05
-0.45 5.33e-05
-0.44 5.371e-05
-0.43 5.412e-05
-0.42 5.453e-05
-0.41 5.494e-05
-0.40 5.536e-05
-0.39 5.579e-05
-0.38 5.622e-05
-0.37 5.665e-05
-0.36 5.708e-05
-0.35 5.751e-05
-0.34 5.795e-05
-0.33 5.839e-05
-0.32 5.884e-05
-0.31 5.928e-05
-0.30 5.974e-05
-0.29 6.019e-05
-0.28 6.065e-05
-0.27 6.111e-05
-0.26 6.158e-05
-0.25 6.205e-05
-0.24 6.252e-05
-0.23 6.3e-05
-0.22 6.348e-05
-0.21 6.397e-05
-0.20 6.446e-05
-0.19 6.495e-05
-0.18 6.544e-05
-0.17 6.594e-05
-0.16 6.644e-05
-0.15 6.695e-05
-0.14 6.746e-05
-0.13 6.797e-05
-0.12 6.849e-05
-0.11 6.901e-05
-0.10 6.954e-05
-0.09 7.007e-05
-0.08 7.06e-05
-0.07 7.114e-05
-0.06 7.169e-05
-0.05 7.224e-05
-0.04 7.279e-05
-0.03 7.334e-05
-0.02 7.39e-05
-0.01 7.446e-05
0.00 7.503e-05
0.01 7.56e-05
0.02 7.618e-05
0.03 7.676e-05
0.04 7.734e-05
0.05 7.793e-05
0.06 7.853e-05
0.07 7.913e-05
0.08 7.973e-05
0.09 8.034e-05
0.10 8.096e-05
0.11 8.157e-05
0.12 8.219e-05
0.13 8.282e-05
0.14 8.345e-05
0.15 8.409e-05
0.16 8.473e-05
0.17 8.537e-05
0.18 8.602e-05
0.19 8.668e-05
0.20 8.734e-05
0.21 8.8e-05
0.22 8.868e-05
0.23 8.935e-05
0.24 9.004e-05
0.25 9.073e-05
0.26 9.142e-05
0.27 9.211e-05
0.28 9.282e-05
0.29 9.352e-05
0.30 9.423e-05
0.31 9.495e-05
0.32 9.568e-05
0.33 9.64e-05
0.34 9.714e-05
0.35 9.788e-05
0.36 9.863e-05
0.37 9.938e-05
0.38 0.0001001
0.39 0.0001009
0.40 0.0001016
0.41 0.0001024
0.42 0.0001032
0.43 0.000104
0.44 0.0001048
0.45 0.0001056
0.46 0.0001064
0.47 0.0001072
0.48 0.000108
0.49 0.0001088
0.50 0.0001097
0.51 0.0001105
0.52 0.0001113
0.53 0.0001122
0.54 0.000113
0.55 0.0001139
0.56 0.0001148
0.57 0.0001156
0.58 0.0001165
0.59 0.0001174
0.60 0.0001183
0.61 0.0001192
0.62 0.0001201
0.63 0.0001211
0.64 0.000122
0.65 0.0001229
0.66 0.0001239
0.67 0.0001248
0.68 0.0001258
0.69 0.0001267
0.70 0.0001276
0.71 0.0001286
0.72 0.0001296
0.73 0.0001306
0.74 0.0001316
0.75 0.0001326
0.76 0.0001336
0.77 0.0001346
0.78 0.0001357
0.79 0.0001367
0.80 0.0001378
0.81 0.0001388
0.82 0.0001399
0.83 0.000141
0.84 0.000142
0.85 0.0001431
0.86 0.0001442
0.87 0.0001453
0.88 0.0001464
0.89 0.0001476
0.90 0.0001487
0.91 0.0001497
0.92 0.0001509
0.93 0.0001521
0.94 0.0001532
0.95 0.0001544
0.96 0.0001556
0.97 0.0001568
0.98 0.000158
0.99 0.0001592
1.00 0.0001604
1.01 0.0001616
1.02 0.0001629
1.03 0.0001641
1.04 0.0001653
1.05 0.0001666
1.06 0.0001678
1.07 0.0001691
1.08 0.0001704
1.09 0.0001717
1.10 0.000173
1.11 0.0001744
1.12 0.0001757
1.13 0.000177
1.14 0.0001784
1.15 0.0001797
1.16 0.0001811
1.17 0.0001825
1.18 0.0001839
1.19 0.0001853
1.20 0.0001867
1.21 0.0001881
1.22 0.0001895
1.23 0.000191
1.24 0.0001924
1.25 0.0001939
1.26 0.0001954
1.27 0.0001969
1.28 0.0001984
1.29 0.0001999
1.30 0.0002014
1.31 0.0002029
1.32 0.0002045
1.33 0.000206
1.34 0.0002076
1.35 0.0002092
1.36 0.0002108
1.37 0.0002124
1.38 0.000214
1.39 0.0002156
1.40 0.0002173
1.41 0.0002189
1.42 0.0002206
1.43 0.0002223
1.44 0.0002239
1.45 0.0002256
1.46 0.0002274
1.47 0.0002291
1.48 0.0002309
1.49 0.0002326
1.50 0.0002343
1.51 0.0002361
1.52 0.0002379
1.53 0.0002397
1.54 0.0002416
1.55 0.0002434
1.56 0.0002453
1.57 0.0002471
1.58 0.000249
1.59 0.0002509
1.60 0.0002528
1.61 0.0002548
1.62 0.0002567
1.63 0.0002587
1.64 0.0002606
1.65 0.0002626
1.66 0.0002646
1.67 0.0002666
1.68 0.0002687
1.69 0.0002707
1.70 0.0002728
1.71 0.0002749
1.72 0.000277
1.73 0.0002791
1.74 0.0002812
1.75 0.0002833
1.76 0.0002855
1.77 0.0002877
1.78 0.0002899
1.79 0.0002921
1.80 0.0002943
1.81 0.0002966
1.82 0.0002988
1.83 0.0003011
1.84 0.0003034
1.85 0.0003057
1.86 0.000308
1.87 0.0003104
1.88 0.0003127
1.89 0.0003151
1.90 0.0003175
1.91 0.00032
1.92 0.0003224
1.93 0.0003249
1.94 0.0003273
1.95 0.0003298
1.96 0.0003323
1.97 0.0003348
1.98 0.0003373
1.99 0.0003399
2.00 0.0003425
2.01 0.0003451
2.02 0.0003477
2.03 0.0003504
2.04 0.0003531
2.05 0.0003558
2.06 0.0003585
2.07 0.0003612
2.08 0.000364
2.09 0.0003667
2.10 0.0003695
2.11 0.0003724
2.12 0.0003752
2.13 0.0003781
2.14 0.0003809
2.15 0.0003838
2.16 0.0003868
2.17 0.0003897
2.18 0.0003927
2.19 0.0003957
2.20 0.0003986
2.21 0.0004017
2.22 0.0004047
2.23 0.0004078
2.24 0.0004109
2.25 0.000414
2.26 0.0004172
2.27 0.0004204
2.28 0.0004236
2.29 0.0004268
2.30 0.0004301
2.31 0.0004334
2.32 0.0004367
2.33 0.00044
2.34 0.0004434
2.35 0.0004467
2.36 0.0004501
2.37 0.0004535
2.38 0.0004569
2.39 0.0004604
2.40 0.0004639
2.41 0.0004675
2.42 0.0004711
2.43 0.0004747
2.44 0.0004783
2.45 0.0004819
2.46 0.0004856
2.47 0.0004893
2.48 0.0004929
2.49 0.0004967
2.50 0.0005005
2.51 0.0005043
2.52 0.0005082
2.53 0.000512
2.54 0.0005159
2.55 0.0005199
2.56 0.0005239
2.57 0.0005278
2.58 0.0005318
2.59 0.0005358
2.60 0.0005399
2.61 0.000544
2.62 0.0005482
2.63 0.0005524
2.64 0.0005566
2.65 0.0005608
2.66 0.000565
2.67 0.0005693
2.68 0.0005737
2.69 0.0005781
2.70 0.0005825
2.71 0.0005869
2.72 0.0005913
2.73 0.0005958
2.74 0.0006004
2.75 0.000605
2.76 0.0006096
2.77 0.0006142
2.78 0.0006189
2.79 0.0006235
2.80 0.0006283
2.81 0.0006331
2.82 0.0006379
2.83 0.0006428
2.84 0.0006477
2.85 0.0006526
2.86 0.0006576
2.87 0.0006626
2.88 0.0006676
2.89 0.0006727
2.90 0.0006778
2.91 0.0006829
2.92 0.0006882
2.93 0.0006934
2.94 0.0006987
2.95 0.0007039
2.96 0.0007093
2.97 0.0007147
2.98 0.0007202
2.99 0.0007257
3.00 0.0007311
3.01 0.0007367
3.02 0.0007424
3.03 0.000748
3.04 0.0007536
3.05 0.0007594
3.06 0.0007652
3.07 0.000771
3.08 0.0007768
3.09 0.0007828
3.10 0.0007888
3.11 0.0007948
3.12 0.0008008
3.13 0.0008069
3.14 0.000813
3.15 0.0008192
3.16 0.0008254
3.17 0.0008317
3.18 0.0008381
3.19 0.0008445
3.20 0.0008509
3.21 0.0008573
3.22 0.0008639
3.23 0.0008705
3.24 0.0008771
3.25 0.0008837
3.26 0.0008905
3.27 0.0008973
3.28 0.0009041
3.29 0.000911
3.30 0.0009179
3.31 0.0009249
3.32 0.0009319
3.33 0.000939
3.34 0.0009462
3.35 0.0009534
3.36 0.0009606
3.37 0.000968
3.38 0.0009754
3.39 0.0009828
3.40 0.0009902
3.41 0.0009978
3.42 0.001006
3.43 0.001013
3.44 0.001021
3.45 0.001029
3.46 0.001037
3.47 0.001045
3.48 0.001053
3.49 0.001061
3.50 0.001069
3.51 0.001077
3.52 0.001085
3.53 0.001093
3.54 0.001101
3.55 0.00111
3.56 0.001118
3.57 0.001127
3.58 0.001135
3.59 0.001144
3.60 0.001152
3.61 0.001161
3.62 0.00117
3.63 0.001179
3.64 0.001188
3.65 0.001197
3.66 0.001206
3.67 0.001215
3.68 0.001225
3.69 0.001234
3.70 0.001243
3.71 0.001253
3.72 0.001262
3.73 0.001272
3.74 0.001282
3.75 0.001292
3.76 0.001302
3.77 0.001311
3.78 0.001322
3.79 0.001332
3.80 0.001342
3.81 0.001352
3.82 0.001362
3.83 0.001373
3.84 0.001383
3.85 0.001394
3.86 0.001405
3.87 0.001415
3.88 0.001426
3.89 0.001437
3.90 0.001448
3.91 0.001459
3.92 0.00147
3.93 0.001481
3.94 0.001493
3.95 0.001504
3.96 0.001516
3.97 0.001527
3.98 0.001539
3.99 0.001551
4.00 0.001563
4.01 0.001574
4.02 0.001586
4.03 0.001599
4.04 0.001611
4.05 0.001623
4.06 0.001636
4.07 0.001648
4.08 0.001661
4.09 0.001673
4.10 0.001686
4.11 0.001699
4.12 0.001712
4.13 0.001725
4.14 0.001738
4.15 0.001752
4.16 0.001765
4.17 0.001778
4.18 0.001792
4.19 0.001806
4.20 0.00182
4.21 0.001833
4.22 0.001847
4.23 0.001862
4.24 0.001876
4.25 0.001891
4.26 0.001905
4.27 0.00192
4.28 0.001935
4.29 0.001949
4.30 0.001964
4.31 0.001979
4.32 0.001994
4.33 0.00201
4.34 0.002025
4.35 0.00204
4.36 0.002056
4.37 0.002072
4.38 0.002088
4.39 0.002104
4.40 0.00212
4.41 0.002136
4.42 0.002152
4.43 0.002169
4.44 0.002185
4.45 0.002202
4.46 0.002219
4.47 0.002236
4.48 0.002253
4.49 0.00227
4.50 0.002287
4.51 0.002304
4.52 0.002322
4.53 0.00234
4.54 0.002357
4.55 0.002375
4.56 0.002394
4.57 0.002413
4.58 0.002432
4.59 0.00245
4.60 0.002469
4.61 0.002488
4.62 0.002507
4.63 0.002527
4.64 0.002546
4.65 0.002566
4.66 0.002585
4.67 0.002604
4.68 0.002624
4.69 0.002643
4.70 0.002662
4.71 0.002681
4.72 0.002701
4.73 0.002721
4.74 0.002741
4.75 0.002763
4.76 0.002784
4.77 0.002807
4.78 0.002831
4.79 0.002856
4.80 0.002882
4.81 0.002908
4.82 0.002934
4.83 0.002958
4.84 0.002982
4.85 0.003004
4.86 0.003024
4.87 0.003041
4.88 0.003055
4.89 0.003073
4.90 0.003127
4.91 0.003218
4.92 0.003315
4.93 0.00339
4.94 0.003447
4.95 0.003495
4.96 0.003537
4.97 0.003571
4.98 0.003597
4.99 0.003615
5.00 0.003625
5.01 0.003629
5.02 0.003626
5.03 0.003614
5.04 0.003599
5.05 0.00358
5.06 0.003558
5.07 0.003531
5.08 0.003499
5.09 0.003463
5.10 0.003428
5.11 0.003401
5.12 0.003375
5.13 0.00335
5.14 0.003319
5.15 0.003283
5.16 0.003246
5.17 0.003212
5.18 0.003179
5.19 0.003147
5.20 0.003116
5.21 0.003086
5.22 0.003058
5.23 0.00303
5.24 0.003004
5.25 0.002977
5.26 0.00295
5.27 0.002924
5.28 0.002899
5.29 0.002875
5.30 0.002852
5.31 0.00283
5.32 0.002809
5.33 0.002787
5.34 0.002767
5.35 0.002746
5.36 0.002727
5.37 0.002707
5.38 0.002689
5.39 0.002671
5.40 0.002653
5.41 0.002636
5.42 0.00262
5.43 0.002604
5.44 0.002588
5.45 0.002573
5.46 0.002559
5.47 0.002544
5.48 0.002531
5.49 0.002517
5.50 0.002504
5.51 0.002491
5.52 0.002478
5.53 0.002466
5.54 0.002454
5.55 0.002443
5.56 0.002433
5.57 0.002423
5.58 0.002412
5.59 0.002402
5.60 0.002392
5.61 0.002383
5.62 0.002374
5.63 0.002366
5.64 0.002358
5.65 0.002349
5.66 0.002341
5.67 0.002334
5.68 0.002326
5.69 0.002319
5.70 0.002312
5.71 0.002306
5.72 0.002299
5.73 0.002293
5.74 0.002287
5.75 0.002281
5.76 0.002276
5.77 0.002271
5.78 0.002266
5.79 0.002262
5.80 0.002258
5.81 0.002253
5.82 0.002249
5.83 0.002245
5.84 0.002242
5.85 0.002238
5.86 0.002235
5.87 0.002232
5.88 0.00223
5.89 0.002228
5.90 0.002226
5.91 0.002224
5.92 0.002222
5.93 0.00222
5.94 0.002218
5.95 0.002217
5.96 0.002216
5.97 0.002215
5.98 0.002215
5.99 0.002214
6.00 0.002213
6.01 0.002213
6.02 0.002213
6.03 0.002213
6.04 0.002214
6.05 0.002214
6.06 0.002215
6.07 0.002215
6.08 0.002217
6.09 0.002218
6.10 0.002219
6.11 0.00222
6.12 0.002222
6.13 0.002223
6.14 0.002225
6.15 0.002228
6.16 0.00223
6.17 0.002232
6.18 0.002235
6.19 0.002237
6.20 0.00224
6.21 0.002243
6.22 0.002246
6.23 0.002249
6.24 0.002252
6.25 0.002255
6.26 0.002259
6.27 0.002262
6.28 0.002266
6.29 0.002269
6.30 0.002273
6.31 0.002276
6.32 0.00228
6.33 0.002284
6.34 0.002288
6.35 0.002291
6.36 0.002294
6.37 0.002298
6.38 0.002301
6.39 0.002305
6.40 0.002309
6.41 0.002312
6.42 0.002315
6.43 0.002319
6.44 0.002322
6.45 0.002324
6.46 0.002327
6.47 0.00233
6.48 0.002332
6.49 0.002334
6.50 0.002336
6.51 0.002339
6.52 0.002341
6.53 0.002342
6.54 0.002343
6.55 0.002344
6.56 0.002345
6.57 0.002345
6.58 0.002345
6.59 0.002344
6.60 0.002343
6.61 0.002343
6.62 0.002341
6.63 0.00234
6.64 0.002338
6.65 0.002336
6.66 0.002333
6.67 0.002331
6.68 0.002327
6.69 0.002323
6.70 0.002319
6.71 0.002315
6.72 0.00231
6.73 0.002306
6.74 0.002301
6.75 0.002296
6.76 0.00229
6.77 0.002283
6.78 0.002277
6.79 0.002271
6.80 0.002265
6.81 0.002258
6.82 0.002251
6.83 0.002243
6.84 0.002236
6.85 0.00223
6.86 0.002222
6.87 0.002214
6.88 0.002206
6.89 0.002199
6.90 0.002192
6.91 0.002184
6.92 0.002175
6.93 0.002168
6.94 0.00216
6.95 0.002153
6.96 0.002145
6.97 0.002137
6.98 0.00213
6.99 0.002123
7.00 0.002115
7.01 0.002108
7.02 0.002101
7.03 0.002094
7.04 0.002087
7.05 0.00208
7.06 0.002074
7.07 0.002067
7.08 0.002061
7.09 0.002055
7.10 0.00205
7.11 0.002044
7.12 0.002038
7.13 0.002033
7.14 0.002027
7.15 0.002022
7.16 0.002018
7.17 0.002013
7.18 0.002009
7.19 0.002005
7.20 0.002001
7.21 0.001997
7.22 0.001993
7.23 0.001989
7.24 0.001987
7.25 0.001984
7.26 0.001981
7.27 0.001978
7.28 0.001976
7.29 0.001974
7.30 0.001971
7.31 0.001969
7.32 0.001967
7.33 0.001966
7.34 0.001965
7.35 0.001964
7.36 0.001963
7.37 0.001962
7.38 0.001962
7.39 0.001962
7.40 0.001962
7.41 0.001962
7.42 0.001962
7.43 0.001962
7.44 0.001963
7.45 0.001964
7.46 0.001965
7.47 0.001967
7.48 0.001968
7.49 0.001969
7.50 0.001971
7.51 0.001972
7.52 0.001975
7.53 0.001977
7.54 0.00198
7.55 0.001982
7.56 0.001985
7.57 0.001988
7.58 0.001991
7.59 0.001995
7.60 0.001998
7.61 0.002001
7.62 0.002004
7.63 0.002009
7.64 0.002013
7.65 0.002017
7.66 0.002021
7.67 0.002025
7.68 0.00203
7.69 0.002036
7.70 0.002041
7.71 0.002046
7.72 0.002051
7.73 0.002056
7.74 0.002062
7.75 0.002067
7.76 0.002074
7.77 0.00208
7.78 0.002087
7.79 0.002094
7.80 0.0021
7.81 0.002107
7.82 0.002114
7.83 0.002121
7.84 0.002128
7.85 0.002135
7.86 0.002142
7.87 0.00215
7.88 0.002158
7.89 0.002166
7.90 0.002174
7.91 0.002182
7.92 0.00219
7.93 0.002199
7.94 0.002208
7.95 0.002217
7.96 0.002226
7.97 0.002235
7.98 0.002244
7.99 0.002253
8.00 0.002263
8.01 0.002273
8.02 0.002283
8.03 0.002293
8.04 0.002304
8.05 0.002314
8.06 0.002324
8.07 0.002334
8.08 0.002345
8.09 0.002355
8.10 0.002366
8.11 0.002377
8.12 0.002389
8.13 0.0024
8.14 0.002412
8.15 0.002423
8.16 0.002435
8.17 0.002448
8.18 0.00246
8.19 0.002473
8.20 0.002485
8.21 0.002498
8.22 0.002511
8.23 0.002524
8.24 0.002537
8.25 0.002551
8.26 0.002563
8.27 0.002576
8.28 0.002589
8.29 0.002604
8.30 0.002619
8.31 0.002633
8.32 0.002647
8.33 0.002661
8.34 0.002676
8.35 0.002691
8.36 0.002706
8.37 0.00272
8.38 0.002735
8.39 0.00275
8.40 0.002766
8.41 0.002782
8.42 0.002798
8.43 0.002813
8.44 0.002829
8.45 0.002845
8.46 0.002861
8.47 0.002877
8.48 0.002894
8.49 0.002911
8.50 0.002928
8.51 0.002944
8.52 0.002961
8.53 0.002979
8.54 0.002996
8.55 0.003014
8.56 0.003032
8.57 0.00305
8.58 0.003068
8.59 0.003086
8.60 0.003104
8.61 0.003122
8.62 0.003141
8.63 0.00316
8.64 0.003179
8.65 0.003198
8.66 0.003216
8.67 0.003235
8.68 0.003255
8.69 0.003275
8.70 0.003295
8.71 0.003314
8.72 0.003334
8.73 0.003354
8.74 0.003374
8.75 0.003394
8.76 0.003414
8.77 0.003434
8.78 0.003455
8.79 0.003476
8.80 0.003496
8.81 0.003517
8.82 0.003539
8.83 0.00356
8.84 0.003582
8.85 0.003604
8.86 0.003626
8.87 0.003648
8.88 0.003669
8.89 0.003691
8.90 0.003713
8.91 0.003735
8.92 0.003758
8.93 0.003781
8.94 0.003804
8.95 0.003826
8.96 0.003848
8.97 0.003871
8.98 0.003893
8.99 0.003916
9.00 0.003939
9.01 0.003963
9.02 0.003986
9.03 0.004009
9.04 0.004033
9.05 0.004057
9.06 0.004081
9.07 0.004105
9.08 0.00413
9.09 0.004154
9.10 0.004179
9.11 0.004203
9.12 0.004226
9.13 0.00425
9.14 0.004275
9.15 0.0043
9.16 0.004325
9.17 0.00435
9.18 0.004375
9.19 0.0044
9.20 0.004424
9.21 0.004449
9.22 0.004474
9.23 0.004499
9.24 0.004524
9.25 0.004549
9.26 0.004574
9.27 0.0046
9.28 0.004626
9.29 0.004651
9.30 0.004677
9.31 0.004703
9.32 0.004729
9.33 0.004755
9.34 0.004781
9.35 0.004808
9.36 0.004834
9.37 0.00486
9.38 0.004886
9.39 0.004911
9.40 0.004937
9.41 0.004963
9.42 0.004989
9.43 0.005015
9.44 0.005041
9.45 0.005068
9.46 0.005095
9.47 0.005122
9.48 0.005149
9.49 0.005176
9.50 0.005202
9.51 0.005227
9.52 0.005253
9.53 0.005279
9.54 0.005305
9.55 0.005331
9.56 0.005358
9.57 0.005385
9.58 0.005412
9.59 0.005439
9.60 0.005466
9.61 0.005492
9.62 0.005519
9.63 0.005545
9.64 0.005571
9.65 0.005597
9.66 0.005623
9.67 0.005649
9.68 0.005675
9.69 0.005701
9.70 0.005728
9.71 0.005754
9.72 0.00578
9.73 0.005806
9.74 0.005833
9.75 0.005859
9.76 0.005886
9.77 0.005912
9.78 0.005938
9.79 0.005963
9.80 0.005988
9.81 0.006013
9.82 0.006039
9.83 0.006065
9.84 0.006091
9.85 0.006117
9.86 0.006143
9.87 0.006169
9.88 0.006194
9.89 0.006219
9.90 0.006244
9.91 0.006269
9.92 0.006294
9.93 0.006319
9.94 0.006343
9.95 0.006368
9.96 0.006394
9.97 0.00642
9.98 0.006446
9.99 0.006472
10.00 0.006497
10.01 0.00652
10.02 0.006542
10.03 0.006562
10.04 0.006582
10.05 0.006602
10.06 0.006624
10.07 0.006648
10.08 0.006675
10.09 0.006704
10.10 0.006732
10.11 0.006758
10.12 0.006781
10.13 0.006801
10.14 0.00682
10.15 0.006838
10.16 0.006857
10.17 0.006877
10.18 0.0069
10.19 0.006926
10.20 0.006954
10.21 0.006981
10.22 0.007006
10.23 0.007027
10.24 0.007045
10.25 0.007063
10.26 0.007081
10.27 0.007101
10.28 0.00712
10.29 0.00714
10.30 0.00716
10.31 0.007179
10.32 0.007198
10.33 0.007216
10.34 0.007234
10.35 0.007251
10.36 0.007269
10.37 0.007289
10.38 0.007311
10.39 0.007336
10.40 0.007359
10.41 0.00738
10.42 0.007398
10.43 0.007414
10.44 0.00743
10.45 0.007445
10.46 0.007462
10.47 0.007478
10.48 0.007495
10.49 0.007511
10.50 0.007527
10.51 0.007543
10.52 0.007558
10.53 0.007573
10.54 0.007588
10.55 0.007603
10.56 0.007618
10.57 0.007632
10.58 0.007647
10.59 0.00766
10.60 0.007674
10.61 0.007687
10.62 0.007701
10.63 0.007714
10.64 0.007728
10.65 0.007741
10.66 0.007754
10.67 0.007766
10.68 0.007778
10.69 0.007789
10.70 0.0078
10.71 0.007811
10.72 0.007823
10.73 0.007836
10.74 0.00785
10.75 0.007864
10.76 0.007876
10.77 0.007887
10.78 0.007896
10.79 0.007904
10.80 0.007912
10.81 0.007921
10.82 0.007929
10.83 0.007937
10.84 0.007945
10.85 0.007953
10.86 0.00796
10.87 0.007967
10.88 0.007974
10.89 0.00798
10.90 0.007986
10.91 0.007992
10.92 0.007997
10.93 0.008003
10.94 0.008008
10.95 0.008012
10.96 0.008016
10.97 0.008019
10.98 0.008022
10.99 0.008025
11.00 0.008027
11.01 0.00803
11.02 0.008033
11.03 0.008035
11.04 0.008038
11.05 0.00804
11.06 0.008041
11.07 0.008042
11.08 0.008043
11.09 0.008043
11.10 0.008043
11.11 0.008043
11.12 0.008042
11.13 0.008041
11.14 0.00804
11.15 0.008038
11.16 0.008036
11.17 0.008034
11.18 0.008031
11.19 0.008028
11.20 0.008025
11.21 0.008022
11.22 0.008018
11.23 0.008014
11.24 0.008009
11.25 0.008004
11.26 0.007998
11.27 0.007992
11.28 0.007986
11.29 0.007979
11.30 0.007972
11.31 0.007965
11.32 0.007957
11.33 0.007949
11.34 0.00794
11.35 0.007931
11.36 0.007922
11.37 0.007913
11.38 0.007903
11.39 0.007893
11.40 0.007882
11.41 0.00787
11.42 0.007858
11.43 0.007846
11.44 0.007835
11.45 0.007825
11.46 0.007815
11.47 0.007805
11.48 0.007794
11.49 0.007782
11.50 0.007768
11.51 0.007754
11.52 0.007738
11.53 0.007722
11.54 0.007706
11.55 0.00769
11.56 0.007674
11.57 0.007657
11.58 0.007639
11.59 0.007621
11.60 0.007603
11.61 0.007584
11.62 0.007565
11.63 0.007546
11.64 0.007527
11.65 0.007507
11.66 0.007487
11.67 0.007466
11.68 0.007445
11.69 0.007423
11.70 0.007399
11.71 0.007376
11.72 0.007353
11.73 0.007332
11.74 0.007313
11.75 0.007294
11.76 0.007276
11.77 0.007257
11.78 0.007236
11.79 0.007212
11.80 0.007186
11.81 0.00716
11.82 0.007133
11.83 0.007106
11.84 0.007078
11.85 0.007051
11.86 0.007024
11.87 0.006996
11.88 0.006968
11.89 0.006939
11.90 0.006909
11.91 0.006879
11.92 0.00685
11.93 0.00682
11.94 0.00679
11.95 0.006761
11.96 0.006731
11.97 0.006702
11.98 0.006674
11.99 0.006646
12.00 0.006618
12.01 0.006591
12.02 0.006564
12.03 0.006537
12.04 0.006511
12.05 0.006485
12.06 0.00646
12.07 0.006434
12.08 0.006409
12.09 0.006385
12.10 0.00636
12.11 0.006336
12.12 0.006312
12.13 0.006289
12.14 0.006265
12.15 0.006242
12.16 0.00622
12.17 0.006197
12.18 0.006175
12.19 0.006153
12.20 0.006131
12.21 0.00611
12.22 0.006089
12.23 0.006067
12.24 0.006047
12.25 0.006026
12.26 0.006005
12.27 0.005986
12.28 0.005966
12.29 0.005946
12.30 0.005927
12.31 0.005908
12.32 0.005889
12.33 0.00587
12.34 0.005852
12.35 0.005833
12.36 0.005815
12.37 0.005797
12.38 0.00578
12.39 0.005762
12.40 0.005745
12.41 0.005728
12.42 0.005711
12.43 0.005694
12.44 0.005678
12.45 0.005661
12.46 0.005645
12.47 0.005629
12.48 0.005613
12.49 0.005597
12.50 0.005582
12.51 0.005567
12.52 0.005551
12.53 0.005536
12.54 0.005521
12.55 0.005507
12.56 0.005492
12.57 0.005477
12.58 0.005463
12.59 0.005449
12.60 0.005435
12.61 0.005421
12.62 0.005407
12.63 0.005394
12.64 0.00538
12.65 0.005367
12.66 0.005353
12.67 0.00534
12.68 0.005327
12.69 0.005314
12.70 0.005302
12.71 0.005289
12.72 0.005276
12.73 0.005264
12.74 0.005252
12.75 0.005239
12.76 0.005227
12.77 0.005215
12.78 0.005203
12.79 0.005191
12.80 0.00518
12.81 0.005168
12.82 0.005157
12.83 0.005145
12.84 0.005133
12.85 0.005122
12.86 0.005111
12.87 0.0051
12.88 0.005089
12.89 0.005078
12.90 0.005067
12.91 0.005057
12.92 0.005046
12.93 0.005035
12.94 0.005024
12.95 0.005014
12.96 0.005003
12.97 0.004993
12.98 0.004983
12.99 0.004973
13.00 0.004963
13.01 0.004953
13.02 0.004943
13.03 0.004933
13.04 0.004923
13.05 0.004913
13.06 0.004902
13.07 0.004892
13.08 0.004883
13.09 0.004873
13.10 0.004864
13.11 0.004854
13.12 0.004845
13.13 0.004835
13.14 0.004826
13.15 0.004816
13.16 0.004807
13.17 0.004798
13.18 0.004788
13.19 0.004779
13.20 0.004769
13.21 0.00476
13.22 0.004751
13.23 0.004742
13.24 0.004733
13.25 0.004724
13.26 0.004714
13.27 0.004705
13.28 0.004696
13.29 0.004688
13.30 0.004679
13.31 0.00467
13.32 0.004661
13.33 0.004652
13.34 0.004643
13.35 0.004634
13.36 0.004625
13.37 0.004616
13.38 0.004607
13.39 0.004598
13.40 0.004589
13.41 0.00458
13.42 0.004571
13.43 0.004562
13.44 0.004554
13.45 0.004545
13.46 0.004536
13.47 0.004527
13.48 0.004518
13.49 0.004509
13.50 0.004501
13.51 0.004492
13.52 0.004483
13.53 0.004474
13.54 0.004465
13.55 0.004456
13.56 0.004447
13.57 0.004438
13.58 0.004429
13.59 0.00442
13.60 0.004411
13.61 0.004402
13.62 0.004393
13.63 0.004384
13.64 0.004375
13.65 0.004366
13.66 0.004357
13.67 0.004348
13.68 0.004339
13.69 0.00433
13.70 0.004321
13.71 0.004311
13.72 0.004301
13.73 0.004292
13.74 0.004283
13.75 0.004274
13.76 0.004264
13.77 0.004255
13.78 0.004246
13.79 0.004236
13.80 0.004227
13.81 0.004218
13.82 0.004208
13.83 0.004199
13.84 0.004188
13.85 0.004179
13.86 0.004169
13.87 0.004159
13.88 0.004149
13.89 0.00414
13.90 0.00413
13.91 0.00412
13.92 0.00411
13.93 0.0041
13.94 0.00409
13.95 0.00408
13.96 0.00407
13.97 0.00406
13.98 0.00405
13.99 0.004039
14.00 0.004029
14.01 0.004019
14.02 0.004008
14.03 0.003998
14.04 0.003988
14.05 0.003977
14.06 0.003967
14.07 0.003956
14.08 0.003946
14.09 0.003935
14.10 0.003924
14.11 0.003913
14.12 0.003903
14.13 0.003892
14.14 0.003881
14.15 0.00387
14.16 0.003859
14.17 0.003848
14.18 0.003836
14.19 0.003825
14.20 0.003813
14.21 0.003802
14.22 0.003791
14.23 0.003779
14.24 0.003768
14.25 0.003756
14.26 0.003745
14.27 0.003733
14.28 0.003722
14.29 0.00371
14.30 0.003698
14.31 0.003686
14.32 0.003674
14.33 0.003662
14.34 0.00365
14.35 0.003638
14.36 0.003625
14.37 0.003613
14.38 0.003601
14.39 0.003588
14.40 0.003576
14.41 0.003564
14.42 0.003551
14.43 0.003538
14.44 0.003526
14.45 0.003513
14.46 0.0035
14.47 0.003488
14.48 0.003475
14.49 0.003462
14.50 0.003449
14.51 0.003436
14.52 0.003423
14.53 0.00341
14.54 0.003396
14.55 0.003382
14.56 0.003369
14.57 0.003356
14.58 0.003342
14.59 0.003329
14.60 0.003315
14.61 0.003302
14.62 0.003288
14.63 0.003274
14.64 0.003261
14.65 0.003247
14.66 0.003233
14.67 0.003219
14.68 0.003205
14.69 0.003191
14.70 0.003177
14.71 0.003162
14.72 0.003148
14.73 0.003134
14.74 0.003119
14.75 0.003105
14.76 0.003091
14.77 0.003076
14.78 0.003062
14.79 0.003047
14.80 0.003033
14.81 0.003018
14.82 0.003003
14.83 0.002988
14.84 0.002973
14.85 0.002958
14.86 0.002943
14.87 0.002928
14.88 0.002913
14.89 0.002898
14.90 0.002883
14.91 0.002868
14.92 0.002852
14.93 0.002837
14.94 0.002822
14.95 0.002807
14.96 0.002791
14.97 0.002776
14.98 0.002761
14.99 0.002745
15.00 0.00273
15.01 0.002714
15.02 0.002699
15.03 0.002683
15.04 0.002667
15.05 0.002652
15.06 0.002636
15.07 0.00262
15.08 0.002604
15.09 0.002589
15.10 0.002573
15.11 0.002557
15.12 0.002541
15.13 0.002526
15.14 0.00251
15.15 0.002494
15.16 0.002478
15.17 0.002461
15.18 0.002446
15.19 0.00243
15.20 0.002414
15.21 0.002398
15.22 0.002382
15.23 0.002366
15.24 0.00235
15.25 0.002333
15.26 0.002317
15.27 0.002301
15.28 0.002285
15.29 0.002269
15.30 0.002253
15.31 0.002236
15.32 0.00222
15.33 0.002204
15.34 0.002188
15.35 0.002172
15.36 0.002156
15.37 0.002139
15.38 0.002123
15.39 0.002107
15.40 0.002091
15.41 0.002074
15.42 0.002058
15.43 0.002042
15.44 0.002027
15.45 0.002011
15.46 0.001994
15.47 0.001978
15.48 0.001962
15.49 0.001945
15.50 0.001929
15.51 0.001913
15.52 0.001897
15.53 0.001881
15.54 0.001865
15.55 0.001849
15.56 0.001833
15.57 0.001817
15.58 0.001801
15.59 0.001785
15.60 0.001769
15.61 0.001753
15.62 0.001738
15.63 0.001722
15.64 0.001707
15.65 0.001692
15.66 0.001676
15.67 0.001661
15.68 0.001645
15.69 0.00163
15.70 0.001615
15.71 0.0016
15.72 0.001585
15.73 0.00157
15.74 0.001556
15.75 0.001541
15.76 0.001527
15.77 0.001512
15.78 0.001499
15.79 0.001484
15.80 0.001471
15.81 0.001456
15.82 0.001443
15.83 0.001429
15.84 0.001416
15.85 0.001403
15.86 0.00139
15.87 0.001377
15.88 0.001364
15.89 0.001351
15.90 0.001339
15.91 0.001326
15.92 0.001314
15.93 0.001302
15.94 0.00129
15.95 0.001278
15.96 0.001266
15.97 0.001255
15.98 0.001244
15.99 0.001232
16.00 0.001221
16.01 0.00121
16.02 0.0012
16.03 0.001189
16.04 0.001179
16.05 0.001168
16.06 0.001158
16.07 0.001148
16.08 0.001138
16.09 0.001129
16.10 0.001119
16.11 0.00111
16.12 0.001101
16.13 0.001092
16.14 0.001083
16.15 0.001074
16.16 0.001066
16.17 0.001057
16.18 0.001049
16.19 0.001041
16.20 0.001033
16.21 0.001026
16.22 0.001017
16.23 0.00101
16.24 0.001003
16.25 0.0009959
16.26 0.0009889
16.27 0.0009822
16.28 0.0009755
16.29 0.000969
16.30 0.0009627
16.31 0.0009565
16.32 0.0009505
16.33 0.0009447
16.34 0.0009391
16.35 0.0009337
16.36 0.0009284
16.37 0.0009233
16.38 0.0009183
16.39 0.0009134
16.40 0.0009087
16.41 0.0009042
16.42 0.0008998
16.43 0.0008956
16.44 0.0008915
16.45 0.0008876
16.46 0.0008838
16.47 0.0008801
16.48 0.0008766
16.49 0.0008733
16.50 0.0008701
16.51 0.0008671
16.52 0.0008642
16.53 0.0008615
16.54 0.0008589
16.55 0.0008565
16.56 0.0008543
16.57 0.0008521
16.58 0.0008502
16.59 0.0008484
16.60 0.0008468
16.61 0.0008453
16.62 0.0008439
16.63 0.0008427
16.64 0.0008417
16.65 0.0008407
16.66 0.0008399
16.67 0.0008393
16.68 0.0008387
16.69 0.0008384
16.70 0.0008381
16.71 0.0008379
16.72 0.0008378
16.73 0.0008379
16.74 0.000838
16.75 0.0008382
16.76 0.0008386
16.77 0.000839
16.78 0.0008395
16.79 0.0008401
16.80 0.0008408
16.81 0.0008416
16.82 0.0008424
16.83 0.0008433
16.84 0.0008443
16.85 0.0008453
16.86 0.0008464
16.87 0.0008475
16.88 0.0008487
16.89 0.00085
16.90 0.0008513
16.91 0.0008526
16.92 0.000854
16.93 0.0008554
16.94 0.0008568
16.95 0.0008583
16.96 0.0008598
16.97 0.0008614
16.98 0.000863
16.99 0.0008645
17.00 0.0008661
17.01 0.0008677
17.02 0.0008694
17.03 0.0008709
17.04 0.0008725
17.05 0.0008741
17.06 0.0008757
17.07 0.0008773
17.08 0.0008789
17.09 0.0008804
17.10 0.0008819
17.11 0.0008833
17.12 0.0008848
17.13 0.0008862
17.14 0.0008876
17.15 0.0008889
17.16 0.0008902
17.17 0.0008914
17.18 0.0008926
17.19 0.0008937
17.20 0.0008947
17.21 0.0008957
17.22 0.0008966
17.23 0.0008974
17.24 0.0008981
17.25 0.0008988
17.26 0.0008994
17.27 0.0008998
17.28 0.0009002
17.29 0.0009005
17.30 0.0009006
17.31 0.0009007
17.32 0.0009007
17.33 0.0009005
17.34 0.0009002
17.35 0.0008998
17.36 0.0008992
17.37 0.0008985
17.38 0.0008977
17.39 0.0008968
17.40 0.0008957
17.41 0.0008944
17.42 0.000893
17.43 0.0008915
17.44 0.0008899
17.45 0.0008881
17.46 0.0008862
17.47 0.0008842
17.48 0.0008822
17.49 0.00088
17.50 0.0008777
17.51 0.0008753
17.52 0.0008728
17.53 0.0008702
17.54 0.0008676
17.55 0.0008648
17.56 0.0008621
17.57 0.0008592
17.58 0.0008563
17.59 0.0008533
17.60 0.0008503
17.61 0.0008473
17.62 0.0008441
17.63 0.0008409
17.64 0.0008377
17.65 0.0008345
17.66 0.0008313
17.67 0.000828
17.68 0.0008247
17.69 0.0008214
17.70 0.0008181
17.71 0.0008147
17.72 0.0008115
17.73 0.0008082
17.74 0.0008048
17.75 0.0008016
17.76 0.0007982
17.77 0.000795
17.78 0.0007917
17.79 0.0007885
17.80 0.0007853
17.81 0.0007821
17.82 0.000779
17.83 0.000776
17.84 0.0007729
17.85 0.00077
17.86 0.000767
17.87 0.0007641
17.88 0.0007613
17.89 0.0007585
17.90 0.0007558
17.91 0.0007532
17.92 0.0007506
17.93 0.0007481
17.94 0.0007456
17.95 0.0007432
17.96 0.0007408
17.97 0.0007386
17.98 0.0007364
17.99 0.0007343
18.00 0.0007323
18.01 0.0007303
18.02 0.0007285
18.03 0.0007267
18.04 0.0007251
18.05 0.0007236
18.06 0.0007221
18.07 0.0007207
18.08 0.0007195
18.09 0.0007183
18.10 0.0007172
18.11 0.0007163
18.12 0.0007154
18.13 0.0007146
18.14 0.000714
18.15 0.0007134
18.16 0.0007129
18.17 0.0007125
18.18 0.0007122
18.19 0.0007119
18.20 0.0007117
18.21 0.0007116
18.22 0.0007116
18.23 0.0007116
18.24 0.0007117
18.25 0.0007118
18.26 0.000712
18.27 0.0007123
18.28 0.0007126
18.29 0.0007131
18.30 0.0007135
18.31 0.000714
18.32 0.0007146
18.33 0.0007151
18.34 0.0007157
18.35 0.0007164
18.36 0.000717
18.37 0.0007177
18.38 0.0007185
18.39 0.0007193
18.40 0.0007201
18.41 0.000721
18.42 0.0007218
18.43 0.0007227
18.44 0.0007236
18.45 0.0007246
18.46 0.0007255
18.47 0.0007265
18.48 0.0007274
18.49 0.0007283
18.50 0.0007293
18.51 0.0007302
18.52 0.0007312
18.53 0.0007322
18.54 0.0007331
18.55 0.0007341
18.56 0.0007351
18.57 0.000736
18.58 0.0007369
18.59 0.0007378
18.60 0.0007387
18.61 0.0007395
18.62 0.0007403
18.63 0.0007411
18.64 0.0007418
18.65 0.0007425
18.66 0.0007431
18.67 0.0007437
18.68 0.0007443
18.69 0.0007447
18.70 0.0007451
18.71 0.0007454
18.72 0.0007456
18.73 0.0007458
18.74 0.0007459
18.75 0.0007458
18.76 0.0007457
18.77 0.0007455
18.78 0.0007452
18.79 0.0007448
18.80 0.0007442
18.81 0.0007436
18.82 0.0007427
18.83 0.0007418
18.84 0.0007407
18.85 0.0007396
18.86 0.0007383
18.87 0.0007368
18.88 0.0007352
18.89 0.0007335
18.90 0.0007316
18.91 0.0007295
18.92 0.0007273
18.93 0.0007249
18.94 0.0007224
18.95 0.0007197
18.96 0.0007168
18.97 0.0007138
18.98 0.0007106
18.99 0.0007072
19.00 0.0007036
19.01 0.0006998
19.02 0.0006959
19.03 0.0006918
19.04 0.0006875
19.05 0.000683
19.06 0.0006784
19.07 0.0006735
19.08 0.0006686
19.09 0.0006634
19.10 0.0006582
19.11 0.0006528
19.12 0.0006473
19.13 0.0006417
19.14 0.000636
19.15 0.0006302
19.16 0.0006244
19.17 0.0006185
19.18 0.0006126
19.19 0.0006067
19.20 0.0006007
19.21 0.0005947
19.22 0.0005888
19.23 0.0005829
19.24 0.0005772
19.25 0.0005715
19.26 0.0005658
19.27 0.0005603
19.28 0.0005547
19.29 0.0005493
19.30 0.0005439
19.31 0.0005385
19.32 0.0005332
19.33 0.000528
19.34 0.0005229
19.35 0.0005179
19.36 0.0005129
19.37 0.0005081
19.38 0.0005034
19.39 0.0004987
19.40 0.0004943
19.41 0.0004898
19.42 0.0004857
19.43 0.0004815
19.44 0.0004775
19.45 0.0004736
19.46 0.0004699
19.47 0.0004662
19.48 0.0004628
19.49 0.0004595
19.50 0.0004563
19.51 0.0004533
19.52 0.0004505
19.53 0.0004478
19.54 0.0004452
19.55 0.0004429
19.56 0.0004407
19.57 0.0004386
19.58 0.0004368
19.59 0.0004351
19.60 0.0004335
19.61 0.0004321
19.62 0.0004308
19.63 0.0004296
19.64 0.0004286
19.65 0.0004277
19.66 0.000427
19.67 0.0004263
19.68 0.0004258
19.69 0.0004254
19.70 0.0004251
19.71 0.0004249
19.72 0.0004248
19.73 0.0004248
19.74 0.0004249
19.75 0.000425
19.76 0.0004253
19.77 0.0004256
19.78 0.000426
19.79 0.0004265
19.80 0.0004271
19.81 0.0004277
19.82 0.0004284
19.83 0.0004291
19.84 0.0004299
19.85 0.0004308
19.86 0.0004317
19.87 0.0004326
19.88 0.0004336
19.89 0.0004347
19.90 0.0004357
19.91 0.0004368
19.92 0.000438
19.93 0.0004391
19.94 0.0004403
19.95 0.0004414
19.96 0.0004427
19.97 0.0004438
19.98 0.0004451
19.99 0.0004463
20.00 0.0004475
20.01 0.0004488
20.02 0.00045
20.03 0.0004512
20.04 0.0004525
20.05 0.0004537
20.06 0.0004549
20.07 0.000456
20.08 0.0004572
20.09 0.0004582
20.10 0.0004592
20.11 0.0004602
20.12 0.000461
20.13 0.0004619
20.14 0.0004626
20.15 0.0004633
20.16 0.0004639
20.17 0.0004646
20.18 0.0004652
20.19 0.0004657
20.20 0.0004662
20.21 0.0004666
20.22 0.000467
20.23 0.0004673
20.24 0.0004676
20.25 0.0004679
20.26 0.0004682
20.27 0.0004684
20.28 0.0004686
20.29 0.0004688
20.30 0.000469
20.31 0.0004691
20.32 0.0004693
20.33 0.0004694
20.34 0.0004695
20.35 0.0004696
20.36 0.0004698
20.37 0.00047
20.38 0.0004701
20.39 0.0004702
20.40 0.0004703
20.41 0.0004705
20.42 0.0004706
20.43 0.0004708
20.44 0.000471
20.45 0.0004712
20.46 0.0004715
20.47 0.0004718
20.48 0.0004721
20.49 0.0004724
20.50 0.0004728
20.51 0.0004732
20.52 0.0004737
20.53 0.0004741
20.54 0.0004747
20.55 0.0004753
20.56 0.0004759
20.57 0.0004766
20.58 0.0004774
20.59 0.0004782
20.60 0.000479
20.61 0.00048
20.62 0.000481
20.63 0.000482
20.64 0.0004832
20.65 0.0004844
20.66 0.0004857
20.67 0.0004872
20.68 0.0004886
20.69 0.0004902
20.70 0.0004919
20.71 0.0004937
20.72 0.0004955
20.73 0.0004975
20.74 0.0004997
20.75 0.0005018
20.76 0.0005042
20.77 0.0005066
20.78 0.0005092
20.79 0.000512
20.80 0.0005148
20.81 0.0005178
20.82 0.000521
20.83 0.0005242
20.84 0.0005275
20.85 0.000531
20.86 0.0005346
20.87 0.0005383
20.88 0.000542
20.89 0.0005458
20.90 0.0005497
20.91 0.0005536
20.92 0.0005575
20.93 0.0005615
20.94 0.0005654
20.95 0.0005694
20.96 0.0005734
20.97 0.0005773
20.98 0.0005811
20.99 0.000585
21.00 0.0005888
21.01 0.0005925
21.02 0.0005961
21.03 0.0005995
21.04 0.0006029
21.05 0.0006062
21.06 0.0006093
21.07 0.0006122
21.08 0.0006149
21.09 0.0006174
21.10 0.0006197
21.11 0.0006218
21.12 0.0006236
21.13 0.0006252
21.14 0.0006265
21.15 0.0006275
21.16 0.0006282
21.17 0.0006286
21.18 0.0006286
21.19 0.0006283
21.20 0.0006277
21.21 0.0006266
21.22 0.0006252
21.23 0.0006234
21.24 0.0006212
21.25 0.0006186
21.26 0.0006156
21.27 0.0006121
21.28 0.0006082
21.29 0.0006039
21.30 0.0005991
21.31 0.0005939
21.32 0.0005883
21.33 0.0005824
21.34 0.0005761
21.35 0.0005695
21.36 0.0005626
21.37 0.0005554
21.38 0.000548
21.39 0.0005403
21.40 0.0005325
21.41 0.0005244
21.42 0.0005162
21.43 0.0005079
21.44 0.0004995
21.45 0.0004909
21.46 0.0004823
21.47 0.0004736
21.48 0.0004648
21.49 0.0004561
21.50 0.0004473
21.51 0.0004386
21.52 0.0004299
21.53 0.0004212
21.54 0.0004125
21.55 0.000404
21.56 0.0003955
21.57 0.000387
21.58 0.0003787
21.59 0.0003705
21.60 0.0003623
21.61 0.0003543
21.62 0.0003465
21.63 0.0003388
21.64 0.0003312
21.65 0.0003237
21.66 0.0003164
21.67 0.0003093
21.68 0.0003023
21.69 0.0002955
21.70 0.0002888
21.71 0.0002822
21.72 0.0002759
21.73 0.0002696
21.74 0.0002637
21.75 0.0002578
21.76 0.000252
21.77 0.0002465
21.78 0.0002412
21.79 0.000236
21.80 0.0002309
21.81 0.000226
21.82 0.0002213
21.83 0.0002167
21.84 0.0002123
21.85 0.0002081
21.86 0.000204
21.87 0.0002001
21.88 0.0001963
21.89 0.0001927
21.90 0.0001891
21.91 0.0001858
21.92 0.0001826
21.93 0.0001795
21.94 0.0001766
21.95 0.0001738
21.96 0.0001711
21.97 0.0001686
21.98 0.0001662
21.99 0.000164
22.00 0.0001618
22.01 0.0001598
22.02 0.0001579
22.03 0.0001561
22.04 0.0001544
22.05 0.0001529
22.06 0.0001514
22.07 0.00015
22.08 0.0001488
22.09 0.0001476
22.10 0.0001465
22.11 0.0001455
22.12 0.0001446
22.13 0.0001436
22.14 0.0001429
22.15 0.0001422
22.16 0.0001415
22.17 0.000141
22.18 0.0001405
22.19 0.0001401
22.20 0.0001397
22.21 0.0001394
22.22 0.0001392
22.23 0.000139
22.24 0.000139
22.25 0.0001389
22.26 0.000139
22.27 0.000139
22.28 0.0001392
22.29 0.0001394
22.30 0.0001396
22.31 0.00014
22.32 0.0001404
22.33 0.0001409
22.34 0.0001413
22.35 0.0001419
22.36 0.0001426
22.37 0.0001432
22.38 0.0001439
22.39 0.0001448
22.40 0.0001456
22.41 0.0001465
22.42 0.0001475
22.43 0.0001485
22.44 0.0001496
22.45 0.0001507
22.46 0.0001519
22.47 0.0001532
22.48 0.0001545
22.49 0.0001559
22.50 0.0001573
22.51 0.0001588
22.52 0.0001603
22.53 0.0001619
22.54 0.0001636
22.55 0.0001655
22.56 0.0001672
22.57 0.0001691
22.58 0.0001711
22.59 0.0001731
22.60 0.0001752
22.61 0.0001774
22.62 0.0001796
22.63 0.0001818
22.64 0.0001843
22.65 0.0001867
22.66 0.0001892
22.67 0.0001918
22.68 0.0001945
22.69 0.0001972
22.70 0.0002
22.71 0.0002029
22.72 0.000206
22.73 0.000209
22.74 0.0002121
22.75 0.0002154
22.76 0.0002187
22.77 0.0002221
22.78 0.0002256
22.79 0.0002292
22.80 0.0002329
22.81 0.0002367
22.82 0.0002406
22.83 0.0002445
22.84 0.0002485
22.85 0.0002527
22.86 0.000257
22.87 0.0002613
22.88 0.0002657
22.89 0.0002702
22.90 0.0002749
22.91 0.0002797
22.92 0.0002845
22.93 0.0002895
22.94 0.0002946
22.95 0.0002998
22.96 0.000305
22.97 0.0003104
22.98 0.0003159
22.99 0.0003215
23.00 0.0003272
23.01 0.000333
23.02 0.0003389
23.03 0.000345
23.04 0.0003511
23.05 0.0003573
23.06 0.0003637
23.07 0.0003701
23.08 0.0003767
23.09 0.0003832
23.10 0.00039
23.11 0.0003969
23.12 0.0004037
23.13 0.0004107
23.14 0.0004179
23.15 0.0004251
23.16 0.0004323
23.17 0.0004397
23.18 0.0004471
23.19 0.0004546
23.20 0.0004622
23.21 0.0004698
23.22 0.0004775
23.23 0.0004852
23.24 0.000493
23.25 0.0005008
23.26 0.0005087
23.27 0.0005166
23.28 0.0005246
23.29 0.0005326
23.30 0.0005405
23.31 0.0005484
23.32 0.0005564
23.33 0.0005645
23.34 0.0005724
23.35 0.0005804
23.36 0.0005883
23.37 0.0005961
23.38 0.0006039
23.39 0.0006117
23.40 0.0006194
23.41 0.000627
23.42 0.0006346
23.43 0.000642
23.44 0.0006494
23.45 0.0006566
23.46 0.0006637
23.47 0.0006705
23.48 0.0006774
23.49 0.000684
23.50 0.0006905
23.51 0.0006968
23.52 0.0007029
23.53 0.0007088
23.54 0.0007144
23.55 0.0007199
23.56 0.000725
23.57 0.00073
23.58 0.0007349
23.59 0.0007394
23.60 0.0007438
23.61 0.0007479
23.62 0.0007519
23.63 0.0007557
23.64 0.0007592
23.65 0.0007625
23.66 0.0007656
23.67 0.0007685
23.68 0.0007712
23.69 0.0007738
23.70 0.0007762
23.71 0.0007783
23.72 0.0007803
23.73 0.0007821
23.74 0.0007837
23.75 0.0007852
23.76 0.0007865
23.77 0.0007877
23.78 0.0007886
23.79 0.0007895
23.80 0.0007902
23.81 0.0007908
23.82 0.0007912
23.83 0.0007916
23.84 0.0007918
23.85 0.0007919
23.86 0.0007918
23.87 0.0007917
23.88 0.0007915
23.89 0.0007911
23.90 0.0007907
23.91 0.0007903
23.92 0.0007897
23.93 0.000789
23.94 0.0007884
23.95 0.0007876
23.96 0.0007869
23.97 0.000786
23.98 0.0007851
23.99 0.0007842
24.00 0.0007833
24.01 0.0007823
24.02 0.0007813
24.03 0.0007803
24.04 0.0007793
24.05 0.0007783
24.06 0.0007773
24.07 0.0007764
24.08 0.0007754
24.09 0.0007745
24.10 0.0007736
24.11 0.0007727
24.12 0.0007718
24.13 0.0007711
24.14 0.0007704
24.15 0.0007697
24.16 0.0007691
24.17 0.0007686
24.18 0.000768
24.19 0.0007677
24.20 0.0007674
24.21 0.0007671
24.22 0.000767
24.23 0.000767
24.24 0.0007671
24.25 0.0007673
24.26 0.0007676
24.27 0.000768
24.28 0.0007686
24.29 0.0007692
24.30 0.00077
24.31 0.000771
24.32 0.0007721
24.33 0.0007733
24.34 0.0007748
24.35 0.0007762
24.36 0.0007779
24.37 0.0007796
24.38 0.0007815
24.39 0.0007835
24.40 0.0007856
24.41 0.0007878
24.42 0.0007902
24.43 0.0007926
24.44 0.0007952
24.45 0.0007979
24.46 0.0008007
24.47 0.0008036
24.48 0.0008066
24.49 0.0008098
24.50 0.000813
24.51 0.0008163
24.52 0.0008197
24.53 0.0008233
24.54 0.0008269
24.55 0.0008306
24.56 0.0008344
24.57 0.0008383
24.58 0.0008423
24.59 0.0008463
24.60 0.0008505
24.61 0.0008548
24.62 0.0008591
24.63 0.0008635
24.64 0.000868
24.65 0.0008726
24.66 0.0008772
24.67 0.0008819
24.68 0.0008867
24.69 0.0008916
24.70 0.0008965
24.71 0.0009015
24.72 0.0009065
24.73 0.0009116
24.74 0.0009168
24.75 0.000922
24.76 0.0009272
24.77 0.0009325
24.78 0.0009379
24.79 0.0009433
24.80 0.0009487
24.81 0.0009542
24.82 0.0009597
24.83 0.0009653
24.84 0.0009708
24.85 0.0009764
24.86 0.000982
24.87 0.0009876
24.88 0.0009933
24.89 0.0009989
24.90 0.001005
24.91 0.00101
24.92 0.001016
24.93 0.001022
24.94 0.001027
24.95 0.001033
24.96 0.001039
24.97 0.001044
24.98 0.00105
24.99 0.001055
25.00 0.001061
25.01 0.001066
25.02 0.001072
25.03 0.001077
25.04 0.001082
25.05 0.001088
25.06 0.001093
25.07 0.001098
25.08 0.001104
25.09 0.001109
25.10 0.001114
25.11 0.001119
25.12 0.001124
25.13 0.001129
25.14 0.001134
25.15 0.001139
25.16 0.001144
25.17 0.00115
25.18 0.001155
25.19 0.00116
25.20 0.001164
25.21 0.001169
25.22 0.001174
25.23 0.001179
25.24 0.001183
25.25 0.001189
25.26 0.001193
25.27 0.001198
25.28 0.001203
25.29 0.001208
25.30 0.001212
25.31 0.001217
25.32 0.001221
25.33 0.001227
25.34 0.001231
25.35 0.001236
25.36 0.00124
25.37 0.001245
25.38 0.00125
25.39 0.001254
25.40 0.001259
25.41 0.001264
25.42 0.001268
25.43 0.001273
25.44 0.001277
25.45 0.001282
25.46 0.001287
25.47 0.001291
25.48 0.001296
25.49 0.001301
25.50 0.001306
25.51 0.00131
25.52 0.001315
25.53 0.001319
25.54 0.001324
25.55 0.001329
25.56 0.001333
25.57 0.001338
25.58 0.001343
25.59 0.001348
25.60 0.001353
25.61 0.001358
25.62 0.001363
25.63 0.001367
25.64 0.001372
25.65 0.001377
25.66 0.001383
25.67 0.001388
25.68 0.001393
25.69 0.001398
25.70 0.001403
25.71 0.001408
25.72 0.001413
25.73 0.001418
25.74 0.001424
25.75 0.00143
25.76 0.001435
25.77 0.00144
25.78 0.001445
25.79 0.001451
25.80 0.001456
25.81 0.001461
25.82 0.001467
25.83 0.001473
25.84 0.001478
25.85 0.001484
25.86 0.001489
25.87 0.001495
25.88 0.0015
25.89 0.001506
25.90 0.001511
25.91 0.001517
25.92 0.001524
25.93 0.001529
25.94 0.001535
25.95 0.00154
25.96 0.001546
25.97 0.001551
25.98 0.001557
25.99 0.001564
26.00 0.001569
26.01 0.001575
26.02 0.001581
26.03 0.001586
26.04 0.001592
26.05 0.001598
26.06 0.001604
26.07 0.001609
26.08 0.001615
26.09 0.001621
26.10 0.001627
26.11 0.001632
26.12 0.001638
26.13 0.001644
26.14 0.00165
26.15 0.001655
26.16 0.001661
26.17 0.001667
26.18 0.001673
26.19 0.001679
26.20 0.001684
26.21 0.00169
26.22 0.001695
26.23 0.001701
26.24 0.001707
26.25 0.001712
26.26 0.001718
26.27 0.001723
26.28 0.001729
26.29 0.001734
26.30 0.001739
26.31 0.001745
26.32 0.00175
26.33 0.001756
26.34 0.001761
26.35 0.001767
26.36 0.001772
26.37 0.001777
26.38 0.001782
26.39 0.001787
26.40 0.001792
26.41 0.001797
26.42 0.001803
26.43 0.001808
26.44 0.001813
26.45 0.001818
26.46 0.001823
26.47 0.001828
26.48 0.001833
26.49 0.001837
26.50 0.001842
26.51 0.001848
26.52 0.001853
26.53 0.001857
26.54 0.001862
26.55 0.001867
26.56 0.001872
26.57 0.001876
26.58 0.001881
26.59 0.001885
26.60 0.00189
26.61 0.001895
26.62 0.0019
26.63 0.001904
26.64 0.001908
26.65 0.001913
26.66 0.001918
26.67 0.001922
26.68 0.001927
26.69 0.001931
26.70 0.001936
26.71 0.00194
26.72 0.001944
26.73 0.001948
26.74 0.001953
26.75 0.001957
26.76 0.001962
26.77 0.001966
26.78 0.00197
26.79 0.001974
26.80 0.001978
26.81 0.001982
26.82 0.001987
26.83 0.001991
26.84 0.001995
26.85 0.001999
26.86 0.002003
26.87 0.002007
26.88 0.002011
26.89 0.002015
26.90 0.002019
26.91 0.002023
26.92 0.002027
26.93 0.002031
26.94 0.002035
26.95 0.002038
26.96 0.002042
26.97 0.002047
26.98 0.00205
26.99 0.002054
27.00 0.002058
27.01 0.002061
27.02 0.002065
27.03 0.002069
27.04 0.002073
27.05 0.002076
27.06 0.002081
27.07 0.002084
27.08 0.002088
27.09 0.002091
27.10 0.002095
27.11 0.002099
27.12 0.002102
27.13 0.002106
27.14 0.00211
27.15 0.002113
27.16 0.002117
27.17 0.002121
27.18 0.002124
27.19 0.002128
27.20 0.002131
27.21 0.002135
27.22 0.002138
27.23 0.002142
27.24 0.002145
27.25 0.002149
27.26 0.002152
27.27 0.002156
27.28 0.00216
27.29 0.002163
27.30 0.002166
27.31 0.00217
27.32 0.002173
27.33 0.002177
27.34 0.002181
27.35 0.002184
27.36 0.002187
27.37 0.002191
27.38 0.002194
27.39 0.002198
27.40 0.002201
27.41 0.002205
27.42 0.002208
27.43 0.002212
27.44 0.002215
27.45 0.002219
27.46 0.002222
27.47 0.002226
27.48 0.002229
27.49 0.002233
27.50 0.002236
27.51 0.00224
27.52 0.002243
27.53 0.002247
27.54 0.002251
27.55 0.002254
27.56 0.002258
27.57 0.002261
27.58 0.002265
27.59 0.002268
27.60 0.002272
27.61 0.002275
27.62 0.002279
27.63 0.002283
27.64 0.002287
27.65 0.00229
27.66 0.002294
27.67 0.002297
27.68 0.002301
27.69 0.002304
27.70 0.002308
27.71 0.002312
27.72 0.002315
27.73 0.002319
27.74 0.002323
27.75 0.002326
27.76 0.00233
